# 0:
>0:1.454,9.324;3.215,9.3;8.633,8.895;7.7,4.204;6.281,3.111;
# 1:
>0:3.327,0.498;
# 2:
>0:0.69,2.474;4.932,4.388;9.777,9.033;0.113,2.765;5.378,6.186;6.283,9.173;0.108,4.158;4.297,7.88;3.138,9.507;7.868,4.463;6.227,6.64;2.353,0.33;
# 3:
>0:5.463,5.56;7.884,1.278;3.079,3.067;3.286,3.274;9.756,9.62;3.269,5.86;9.986,4.951;8.109,7.199;7.644,4.962;
# 4:
>0:8.648,8.44;3.263,9.231;
# 5:
>0:9.608,8.828;9.183,8.773;7.358,7.222;4.181,3.313;8.833,4.513;3.265,4.494;5.767,5.953;8.101,7.534;9.312,9.014;3.195,5.321;7.513,3.387;0.954,8.257;6.208,3.64;0.832,0.703;7.919,1.18;0.35,4.708;3.267,6.823;4.551,8.991;9.585,4.947;1.319,7.85;
# 6:
>0:4.466,8.962;2.263,9.801;4.591,1.378;7.975,1.144;0.872,4.037;7.515,3.331;0.406,2.068;6.764,1.484;2.979,5.547;3.474,3.678;6.459,1.438;3.468,4.392;9.417,2.155;
# 7:
>0:3.225,2.09;8.909,4.962;3.23,8.834;5.819,3.39;7.964,9.386;3.744,2.523;7.285,8.327;7.321,6.678;9.847,5.414;0.41,1.873;8.139,4.875;2.388,5.327;7.269,6.431;
# 8:
>0:3.235,4.623;5.542,7.624;1.67,0.567;7.307,8.695;1.834,3.777;7.154,5.348;5.029,2.963;7.641,0.609;7.991,6.025;5.979,1.203;6.352,7.756;
# 9:
>0:3.075,6.191;0.739,9.069;8.776,2.06;5.636,8.058;0.214,5.926;0.488,8.485;9.169,7.293;9.999,8.789;3.771,2.195;5.55,1.705;2.86,7.818;7.58,5.406;9.332,5.383;4.747,8.852;0.173,9.662;3.986,4.245;4.048,1.285;3.038,3.702;5.012,0.027;3.948,7.592;
# 10:
>0:5.669,3.648;4.178,5.64;1.853,6.476;1.721,4.038;8.22,0.36;4.64,8.607;3.026,9.371;0.082,1.934;8.447,2.951;4.496,6.51;6.73,5.431;0.724,3.412;9.552,6.374;0.747,4.064;
# 11:
>0:3.938,1.762;0.749,2.882;7.836,7.693;8.112,5.994;0.601,7.992;9.693,0.744;7.988,9.535;7.077,0.17;6.464,2.606;6.086,1.311;8.595,6.426;7.95,6.582;3.233,2.844;7.156,1.341;
# 12:
>0:2.571,2.871;8.346,9.59;0.822,2.228;
# 13:
>0:2.614,5.412;8.061,6.181;9.336,9.575;3.812,9.563;2.712,2.712;1.832,7.781;
# 14:
>0:6.446,5.153;0.353,2.211;7.425,1.897;9.916,8.628;1.727,7.935;5.443,0.288;2.059,4.561;4.703,4.012;2.675,9.732;2.55,0.015;8.661,2.77;7.546,6.587;2.305,3.735;5.645,9.274;7.056,7.642;4.009,4.033;9.333,8.367;1.59,7.124;
# 15:
>0:4.71,0.047;8.59,2.92;6.695,2.814;7.952,3.652;5.152,7.573;3.81,3.371;7.504,4.453;2.859,3.589;5.239,9.272;
# 16:
>0:7.643,2.767;3.942,4.441;5.624,7.066;2.172,2.315;0.753,4.525;5.729,8.667;1.07,2.504;2.427,8.547;2.148,0.623;0.663,5.307;
# 17:
>0:9.411,0.003;1.098,0.62;6.511,2.917;4.912,7.931;7.051,5.066;3.544,2.439;2.647,0.141;6.48,4.386;4.707,9.699;5.533,0.956;0.204,3.847;3.598,1.489;0.911,7.945;
# 18:
>0:4.384,0.367;8.237,9.579;9.778,5.745;6.795,5.874;5.368,4.036;1.048,7.027;4.678,0.347;
# 19:
>0:3.681,6.573;4.472,0.945;
# 20:
>0:1.954,0.121;4.521,3.616;2.412,3.014;7.626,9.518;
# 21:
>0:7.257,6.085;
# 22:
>0:1.532,0.681;4.643,3.607;1.663,0.408;0.383,4.216;0.241,3.716;2.137,9.728;5.925,5.012;2.465,8.832;1.731,8.27;4.151,4.394;2.223,9.769;7.828,0.443;0.729,3.658;
# 23:
>0:7.639,7.733;
# 24:
>0:4.72,4.562;3.919,6.756;3.248,0.197;5.421,9.982;2.955,3.144;7.455,1.384;1.703,8.247;4.121,4.735;8.572,4.387;4.565,4.587;9.063,9.775;1.955,8.073;1.206,7.016;0.938,8.264;5.282,9.161;9.87,0.947;
# 25:
>0:5.353,4.424;7.66,6.32;5.094,0.72;8.727,2.948;8.024,1.922;5.484,2.709;6.908,7.906;0.551,5.474;4.776,1.988;4.381,7.36;3.41,6.931;3.263,3.823;5.102,6.722;3.81,5.759;6.485,8.396;8.292,0.896;9.2,9.904;3.031,5.071;
# 26:
>0:4.475,0.885;7.707,4.906;6.23,9.721;5.614,0.935;6.612,9.909;2.08,2.836;0.613,9.068;5.984,7.239;6.973,4.268;5.739,7.636;2.273,4.236;7.85,1.26;5.772,6.73;3.085,2.433;1.292,7.524;6.052,8.954;8.185,1.826;9.254,3.112;4.129,8.534;
# 27:
>0:3.958,1.295;9.57,1.617;
# 28:
>0:4.374,9.157;9.197,1.306;6.248,9.919;6.371,8.32;4.983,4.105;2.554,6.838;3.157,6.304;1.337,0.559;3.384,9.504;4.97,7.465;6.819,9.098;5.202,5.863;4.778,0.17;0.283,6.679;2.407,4.68;4.349,3.966;7.059,8.663;
# 29:
>0:0.528,6.81;3.527,3.971;0.227,8.68;2.477,0.919;
# 30:
>0:2.893,3.903;1.982,4.554;7.846,0.161;0.468,5.295;3.624,5.626;3.373,0.883;7.255,4.076;5.17,2.069;8.819,9.998;9.262,1.952;8.979,2.718;7.263,6.3;9.589,6.3;8.443,2.941;6.749,0.212;7.743,0.346;3.567,4.705;4.725,6.05;1.5,1.744;
# 31:
>0:1.385,9.002;8.898,6.353;4.13,0.591;4.888,4.61;0.364,8.891;4.281,7.06;8.08,3.192;1.608,7.429;1.816,4.249;0.678,3.591;3.347,7.836;1.823,5.891;4.926,5.001;3.601,7.543;3.411,5.926;
# 32:
>0:9.733,1.808;7.825,1.461;2.287,3.611;0.561,6.983;3.951,6.106;2.199,1.238;4.802,8.112;9.675,7.996;9.909,1.004;
# 33:
>0:8.035,0.937;9.325,9.174;9.598,7.705;0.051,3.906;5.419,5.269;4.841,0.522;4.939,9.03;8.648,3.063;5.185,3.37;
# 34:
>0:7.107,8.988;9.625,0.382;5.733,5.77;1.558,5.924;0.31,6.41;5.63,1.333;0.682,0.234;2.83,6.057;1.284,9.962;9.818,2.009;1.569,9.065;8.717,3.811;7.379,0.706;0.627,8.495;9.008,5.65;
# 35:
>0:0.647,5.758;5.252,3.897;2.136,1.941;6.604,5.634;4.227,2.832;8.17,0.971;7.126,0.862;
# 36:
>0:5.504,3.519;1.222,5.855;9.896,7.173;2.519,1.182;9.803,0.685;9.961,9.302;3.106,5.59;8.365,1.171;7.955,9.956;6.039,9.849;1.648,9.747;8.225,9.505;9.148,8.409;3.962,5.529;0.861,6.19;7.295,2.283;5.49,3.216;7.191,7.403;
# 37:
>0:9.117,9.859;6.622,8.862;8.576,5.302;2.37,7.488;5.278,7.929;2.48,9.58;7.814,8.097;7.322,1.234;1.123,4.407;3.205,8.791;6.73,8.759;6.514,0.846;0.392,9.194;3.256,0.396;
# 38:
>0:9.998,0.784;3.975,0.984;0.949,4.998;7.488,9.308;2.143,0.592;8.341,4.16;8.705,7.613;3.748,8.097;
# 39:
>0:6.956,6.655;7.419,9.743;2.652,9.408;4.49,3.727;3.394,9.48;0.828,7.162;9.512,1.065;4.003,4.982;8.399,2.39;1.747,0.576;5.425,7.282;6.854,5.55;1.368,5.937;0.09,7.513;7.155,9.042;0.87,7.533;2.61,3.436;9.177,9.255;6.138,2.686;
# 40:
>0:3.79,6.204;0.707,1.453;2.733,2.989;8.208,1.013;3.207,9.208;0.519,1.024;9.782,9.793;6.774,2.002;1.86,3.818;6.779,9.299;3.613,4.328;3.989,0.98;7.758,5.229;1.839,7.931;7.203,4.508;4.538,1.167;8.883,8.242;4.528,9.983;8.11,4.213;6.355,4.905;
# 41:
>0:4.071,9.654;4.499,9.053;6.93,3.742;4.769,0.147;7.261,4.771;0.289,3.645;2.793,2.001;7.055,1.897;6.108,4.64;3.5,2.831;1.014,0.856;7.804,7.368;6.376,9.436;3.186,0.699;5.848,5.733;3.393,5.241;1.943,8.961;0.077,4.716;5.865,8.347;5.78,3.9;
# 42:
>0:7.539,9.167;2.655,0.72;5.678,7.932;3.575,1.018;4.225,5.517;5.311,4.021;
# 43:
>0:5.375,5.852;5.458,3.628;1.181,4.8;5.42,2.232;
# 44:
>0:8.408,3.451;1.47,8.283;5.13,9.873;6.273,8.795;1.738,9.02;5.877,1.667;6.483,6.054;4.351,7.543;5.391,5.062;7.334,4.868;3.085,7.467;0.371,7.011;7.707,7.437;3.807,6.898;3.159,1.499;5.702,8.8;
# 45:
>0:8.979,7.479;7.635,8.96;3.764,6.002;0.287,6.784;0.2,0.911;3.169,4.09;8.248,8.54;1.414,7.513;3.753,7.004;6.279,3.097;7.745,8.35;0.428,3.589;2.149,4.846;5.526,2.274;4.667,6.876;0.596,5.821;9.108,9.024;2.858,3.635;
# 46:
>0:0.536,1.029;3.657,8.196;7.621,8.921;5.34,3.072;3.088,3.375;0.322,3.546;9.333,5.23;3.463,9.145;7.048,8.613;5.079,7.772;7.59,0.849;4.193,4.328;1.576,3.818;5.358,4.626;5.201,9.82;6.906,2.138;2.036,6.318;0.367,4.982;7.504,8.314;9.257,2.538;
# 47:
>0:8.753,2.004;5.344,6.369;0.098,4.359;
# 48:
>0:6.691,3.153;8.819,8.153;1.361,0.31;5.55,3.286;4.029,2.692;4.423,3.995;8.979,6.401;4.649,4.58;7.007,9.073;7.112,2.348;9.83,9.789;0.772,5.107;5.554,6.184;
# 49:
>0:0.944,4.384;8.868,4.455;2.124,6.803;7.691,7.742;4.146,1.994;9.92,9.49;0.251,7.438;3.146,5.395;6.361,5.246;3.397,4.391;0.193,9.635;2.185,3.937;3.002,9.279;6.263,7.222;2.095,6.927;
# 50:
>0:4.794,2.92;4.923,5.606;2.376,7.414;6.106,8.955;2.585,8.783;8.536,1.572;6.762,4.578;1.973,3.476;1.67,0.293;4.982,6.37;1.893,9.657;4.297,5.312;5.273,0.407;8.177,3.633;1.995,9.064;
# 51:
>0:5.998,1.462;7.44,9.163;9.699,6.386;9.168,3.212;0.238,4.263;1.307,4.979;6.493,0.365;9.877,2.112;0.117,0.56;7.862,1.117;
# 52:
>0:2.992,1.902;0.633,1.184;8.848,2.812;3.258,7.153;4.278,5.486;3.504,3.721;9.851,0.212;4.404,5.077;
# 53:
>0:9.506,6.312;7.857,2.381;7.179,7.496;8.238,9.282;9.857,2.764;8.019,0.813;1.789,4.054;9.104,0.551;0.818,9.751;5.702,0.768;0.034,0.058;6.178,8.257;0.548,1.623;0.33,6.172;0.868,1.016;6.992,4.438;2.945,8.535;8.088,7.003;0.752,1.448;2.49,1.65;
# 54:
>0:1.957,1.699;6.114,1.226;9.151,0.673;8.124,9.301;2.976,8.687;8.046,9.732;2.898,5.2;9.517,7.283;2.382,2.145;5.264,4.2;8.594,0.199;0.127,5.645;0.796,1.888;5.143,7.593;
# 55:
>0:8.517,2.995;5.661,3.788;3.288,6.151;6.134,8.485;4.157,8.574;5.107,0.477;8.039,1.263;9.057,5.52;0.5,8.037;6.825,7.358;7.999,9.524;6.205,0.117;2.182,9.789;9.312,0.368;5.359,3.63;3.56,1.393;4.625,7.642;8.059,7.644;6.029,4.7;
# 56:
>0:6.488,5.555;4.36,0.452;2.41,5.679;2.818,3.056;1.318,6.007;3.351,3.347;9.972,5.339;
# 57:
>0:9.724,1.398;4.922,0.068;5.609,5.714;2.375,3.811;6.528,8.591;1.676,9.31;4.249,4.675;5.911,3.862;5.652,9.974;
# 58:
>0:8.199,4.693;4.441,0.319;4.721,2.057;7.057,2.122;
# 59:
>0:8.478,1.613;3.837,7.888;1.931,6.354;6.836,3.269;8.8,7.027;2.483,7.553;0.43,8.445;2.23,5.377;
# 60:
>0:3.709,8.409;5.122,9.96;5.573,6.846;
# 61:
>0:9.916,1.069;0.057,2.666;1.345,3.731;0.93,8.942;9.401,5.316;
# 62:
>0:1.127,3.205;6.679,5.973;
# 63:
>0:0.112,6.383;8.589,1.008;0.811,3.265;8.035,7.76;1.058,7.518;6.277,4.947;4.966,0.035;1.705,0.051;0.819,9.414;3.009,2.443;8.995,8.404;5.149,6.264;0.09,1.572;0.276,2.001;5.615,0.632;5.186,9.384;3.325,6.258;
# 64:
>0:9.326,1.073;3.222,6.379;4.312,2.439;0.275,8.52;3.944,3.572;3.699,7.633;8.218,0.42;3.911,2.342;9.618,3.171;3.767,3.314;0.178,5.271;5.569,0.51;
# 65:
>0:7.566,3.483;8.465,3.844;0.093,5.442;4.765,4.309;4.388,5.704;4.331,9.7;
# 66:
>0:6.101,0.743;0.732,3.597;4.249,2.005;6.256,8.763;5.179,9.335;6.958,2.078;5.119,4.612;6.584,0.836;
# 67:
>0:5.725,2.725;4.566,0.822;
# 68:
>0:1.235,9.152;9.577,9.898;4.314,2.108;8.718,6.325;9.594,4.958;1.855,0.775;2.437,6.466;2.232,7.502;5.334,5.076;7.186,4.168;5.469,5.754;2.866,7.457;1.113,9.164;2.04,7.078;7.438,3.274;2.65,5.158;7.772,4.055;0.188,0.102;2.937,3.835;6.293,7.237;
# 69:
>0:8.595,3.585;2.342,7.15;
# 70:
>0:5.129,2.267;6.337,5.298;6.388,9.65;3.739,5.098;7.432,4.4;0.058,8.143;4.939,5.529;3.969,4.407;6.704,4.399;0.704,5.239;4.894,5.07;7.452,8.521;8.635,8.98;8.631,1.95;4.603,5.578;4.254,0.889;7.047,8.097;4.576,7.232;0.288,0.476;6.021,6.861;
# 71:
>0:4.031,1.632;0.665,2.483;2.29,6.711;9.506,6.526;7.436,3.124;3.834,4.526;7.667,7.831;0.414,0.772;3.221,6.527;4.022,7.605;5.894,4.745;4.118,7.283;9.527,9.901;6.329,3.727;
# 72:
>0:3.961,5.022;1.485,6.17;3.799,2.566;3.991,9.123;5.708,4.571;3.268,0.456;4.947,9.623;4.764,3.643;5.029,0.877;2.879,5.419;9.326,5.096;6.725,0.832;1.873,7.305;0.18,5.018;0.423,3.333;2.343,7.683;7.837,0.183;0.627,4.316;7.14,5.346;7.162,9.968;
# 73:
>0:9.556,3.659;8.382,0.402;5.596,2.018;0.101,5.592;0.983,8.164;8.725,6.854;6.014,7.979;8.91,1.625;0.237,9.578;7.747,0.602;5.027,7.089;2.262,0.1;4.58,7.45;5.099,6.185;2.806,0.605;6.65,0.629;
# 74:
>0:8.492,6.499;2.395,3.138;4.169,6.544;
# 75:
>0:9.372,3.058;8.698,7.75;3.762,5.28;8.265,5.876;9.175,3.459;8.382,8.476;6.366,4.404;7.427,8.53;
# 76:
>0:8.087,7.908;7.946,7.939;4.668,7.36;0.235,0.353;8.19,1.594;7.818,8.229;6.25,2.184;2.298,2.309;5.305,6.947;8.361,7.328;6.996,1.765;2.725,5.978;4.671,9.798;9.673,1.711;4.999,9.643;4.263,2.384;1.086,9.38;4.704,7.683;2.292,3.247;6.81,9.62;
# 77:
>0:5.029,3.748;7.587,2.808;5.428,2.532;8.603,5.112;7.486,9.27;2.204,7.106;0.959,8.262;5.291,4.308;5.224,1.323;5.892,5.734;2.251,9.22;9.857,7.774;5.869,1.405;9.992,5.751;5.577,9.91;9.953,8.206;0.591,7.096;2.607,0.694;0.472,8.204;
# 78:
>0:9.189,4.463;6.326,6.918;9.998,6.012;2.044,9.383;0.998,6.677;4.828,3.668;0.898,1.956;
# 79:
>0:7.433,7.55;8.143,4.695;8.441,2.763;
# 80:
>0:9.94,7.256;5.85,7.531;6.755,9.063;8.885,0.712;7.325,7.704;2.039,5.662;6.718,2.775;9.491,5.774;8.103,2.999;4.178,8.922;8.139,3.847;6.061,8.075;7.291,2.701;5.347,5.749;3.268,2.587;9.8,5.36;0.95,2.805;7.743,7.969;0.907,9.993;
# 81:
>0:4.389,1.32;9.968,8.652;4.456,3.046;6.18,5.648;3.057,4.386;2.39,3.901;7.255,6.181;7.688,4.358;2.364,3.778;4.973,5.18;2.551,1.182;
# 82:
>0:2.067,4.773;3.935,3.332;4.121,6.486;6.95,3.211;7.106,6.073;0.591,3.54;6.164,7.708;3.81,5.62;1.227,9.114;1.436,5.068;5.25,7.168;7.284,6.455;5.863,3.196;8.657,8.677;6.462,0.086;0.862,6.934;7.828,5.112;
# 83:
>0:5.497,1.552;2.995,4.259;5.125,1.748;8.179,9.56;1.027,1.66;7.275,3.5;
# 84:
>0:2.554,2.871;7.157,5.192;1.357,2.903;8.625,5.003;0.898,4.313;0.261,9.16;1.558,9.022;9.09,1.937;9.166,1.152;2.6,6.007;1.223,2.155;0.446,3.249;6.094,3.921;5.021,4.778;7.746,5.82;7.459,4.979;1.901,0.054;
# 85:
>0:6.237,3.547;5.886,7.347;9.048,3.908;4.247,6.533;6.586,4.046;6.235,7.809;9.377,2.903;5.448,8.916;8.861,1.507;9.958,3.721;1.095,0.006;
# 86:
>0:5.555,8.004;7.706,8.365;6.053,2.671;5.209,4.055;
# 87:
>0:7.79,6.541;1.055,8.584;7.187,2.991;4.418,2.954;0.914,5.478;1.807,4.584;9.708,7.447;
# 88:
>0:4.921,1.632;1.946,5.275;3.461,2.917;0.259,0.13;3.289,5.42;0.147,1.093;6.933,8.859;9.392,5.054;4.027,2.794;9.492,7.939;
# 89:
>0:7.988,2.003;6.869,0.278;8.215,2.979;7.408,8.751;2.1,8.077;8.995,5.231;2.955,4.198;4.539,6.039;1.14,6.613;3.468,5.394;
# 90:
>0:2.962,0.946;2.311,8.847;8.411,5.055;7.504,6.463;0.117,2.988;5.747,5.029;2.734,9.914;0.901,4.176;
# 91:
>0:6.603,7.469;0.12,9.353;6.43,8.66;6.356,4.584;7.942,4.355;1.058,1.789;3.367,3.367;4.545,1.877;2.56,8.612;6.811,7.572;9.495,8.672;0.493,7.565;6.736,7.602;7.553,5.246;1.953,0.707;
# 92:
>0:4.034,9.182;8.098,8.915;8.45,3.505;3.316,7.853;0.78,3.605;2.795,0.205;6.253,2.503;7.069,9.691;0.765,9.624;9.419,7.715;8.998,8.105;0.656,9.667;2.657,1.342;4.607,3.648;9.937,8.517;9.008,9.135;8.249,1.064;7.523,7.005;
# 93:
>0:5.511,7.865;2.789,1.114;3.839,4.078;1.239,4.066;3.919,3.22;6.414,2.171;6.334,9.82;1.979,8.601;8.794,1.438;
# 94:
>0:8.8,1.298;9.62,2.719;7.986,9.971;6.195,4.592;2.974,3.183;9.171,4.608;3.026,2.348;1.948,3.521;9.51,7.127;3.597,9.233;1.598,0.482;7.493,5.937;9.371,2.204;8.834,6.882;
# 95:
>0:8.189,0.873;7.46,7.833;1.537,9.295;5.715,5.0;0.481,5.318;1.12,6.993;4.875,0.475;8.671,3.4;4.096,6.887;1.185,7.256;1.872,3.046;8.919,4.235;3.999,3.381;3.076,0.043;6.889,0.556;9.76,6.127;9.737,5.413;
# 96:
>0:9.181,6.404;2.463,0.733;
# 97:
>0:9.72,7.557;8.834,5.943;6.697,8.375;9.25,8.704;
# 98:
>0:7.004,5.279;1.091,1.454;0.613,6.594;8.546,3.273;
# 99:
>0:7.6,9.895;2.192,3.137;1.201,4.657;3.252,5.293;0.259,5.293;
# 100:
>0:8.478,7.368;2.237,4.85;2.388,6.783;9.935,8.221;
# 101:
>0:7.142,7.436;9.152,2.493;
# 102:
>0:5.302,7.422;6.181,6.211;3.131,0.199;3.866,3.94;3.053,0.698;9.258,0.044;4.668,1.635;2.259,9.634;8.531,9.741;1.101,0.751;1.454,1.557;2.206,4.265;3.056,2.105;5.844,1.654;8.173,5.74;3.121,3.213;
# 103:
>0:4.832,0.196;0.243,6.976;0.839,1.429;5.971,1.885;8.17,1.679;6.987,5.603;5.055,5.223;
# 104:
>0:0.494,1.083;5.897,0.32;0.2,7.758;7.965,2.142;8.254,3.745;8.843,1.468;
# 105:
>0:6.825,8.792;8.883,5.786;3.103,8.141;8.98,8.253;0.714,3.161;0.195,5.29;5.887,7.034;7.995,3.954;3.666,0.41;9.896,6.19;0.302,1.213;2.189,2.259;7.796,3.557;5.642,9.735;7.624,4.998;6.145,7.638;4.866,0.09;
# 106:
>0:9.82,1.531;5.394,7.33;5.978,5.205;7.0,7.423;7.185,0.923;7.281,3.628;4.79,4.739;8.308,8.718;3.502,6.269;5.144,8.154;7.945,4.304;4.998,4.317;5.87,8.998;2.511,1.87;0.214,1.463;3.541,7.229;2.353,1.952;9.818,8.202;
# 107:
>0:2.925,2.89;7.262,6.194;
# 108:
>0:4.83,0.884;
# 109:
>0:6.046,8.94;2.547,8.086;
# 110:
>0:3.727,2.007;9.647,9.349;0.142,4.661;2.44,3.363;9.655,7.155;5.07,1.567;1.402,7.372;4.679,4.291;7.086,1.942;1.834,8.663;0.277,1.793;0.208,0.939;5.291,0.698;2.557,3.67;5.564,5.159;7.86,4.09;2.141,7.522;
# 111:
>0:1.649,8.111;5.572,7.74;1.604,3.985;5.822,6.956;8.465,9.698;9.216,5.712;3.113,3.879;9.176,0.376;8.274,6.455;2.447,4.965;2.009,1.212;
# 112:
>0:5.266,0.407;8.705,3.262;6.6,6.157;6.609,2.979;5.463,3.854;8.445,0.309;8.017,8.57;9.319,8.586;7.222,0.494;0.504,5.605;6.09,4.417;1.705,2.93;0.417,5.056;5.869,4.44;4.685,5.644;1.572,1.255;6.282,9.036;
# 113:
>0:4.905,4.458;1.769,7.24;
# 114:
>0:9.33,6.437;9.497,0.885;5.383,8.922;2.671,6.416;3.765,6.097;6.479,2.028;1.188,9.958;1.675,6.871;3.666,1.968;
# 115:
>0:6.9,8.005;9.271,4.48;9.751,4.05;6.882,9.246;4.825,6.304;5.313,4.744;2.472,2.831;7.168,7.756;8.499,4.136;5.742,2.629;6.56,4.247;6.634,9.47;
# 116:
>0:6.53,5.583;5.219,0.757;0.681,6.327;5.214,8.261;3.887,2.503;7.476,5.279;9.429,5.967;7.808,7.435;9.841,7.445;7.93,0.976;
# 117:
>0:6.258,1.039;6.382,8.634;6.723,1.299;4.506,9.819;4.926,0.548;8.193,7.595;5.982,8.397;
# 118:
>0:3.73,4.992;3.79,9.019;3.009,4.25;7.103,8.484;3.226,5.799;8.114,0.347;6.716,2.82;7.647,3.335;8.29,5.406;9.07,6.126;5.477,4.841;5.185,4.823;6.633,3.267;9.945,9.123;2.156,0.482;6.806,7.372;2.173,2.647;0.728,3.731;0.719,0.452;8.912,6.892;
# 119:
>0:1.242,1.879;6.175,3.324;4.335,7.626;8.025,5.352;0.346,6.421;1.978,9.347;7.845,6.972;9.403,6.12;1.304,8.009;7.09,6.196;
# 120:
>0:4.803,9.38;3.329,6.774;4.84,5.03;5.304,5.377;3.649,8.63;0.16,3.203;5.368,5.004;9.874,8.757;
# 121:
>0:2.513,6.941;9.987,2.218;4.737,9.661;2.445,9.659;4.185,0.35;0.267,4.864;5.806,4.224;0.681,2.502;2.676,9.415;9.592,8.32;9.663,0.672;3.265,9.451;8.964,1.141;0.432,7.369;
# 122:
>0:2.103,0.211;4.177,2.582;3.209,8.367;9.415,1.465;6.15,5.431;1.989,8.519;0.696,5.132;6.316,1.196;2.786,7.25;7.476,1.834;4.978,9.989;8.889,3.418;8.966,3.833;8.966,3.084;3.533,8.509;1.485,3.067;1.471,9.792;
# 123:
>0:0.222,3.242;9.985,1.975;6.171,2.778;9.173,5.195;6.294,1.424;2.066,7.838;
# 124:
>0:2.735,9.939;4.267,5.162;1.692,2.374;6.205,6.518;7.715,0.355;2.161,4.108;4.09,3.843;4.918,5.746;9.781,6.776;2.32,6.552;
# 125:
>0:1.076,2.292;5.618,7.249;3.29,9.083;4.33,8.312;0.153,4.515;0.761,5.131;3.837,1.0;9.685,6.913;3.025,7.496;5.658,4.91;8.957,2.642;3.135,6.535;0.392,8.107;3.244,3.931;4.159,9.073;8.824,1.837;2.326,7.26;
# 126:
>0:7.427,6.927;1.328,5.848;9.994,7.417;5.795,1.782;0.145,1.039;4.08,5.672;7.578,8.248;8.9,7.456;2.494,0.592;
# 127:
>0:2.373,9.091;3.197,7.303;3.435,5.479;4.295,6.21;9.231,3.395;6.155,9.111;
# 128:
>0:9.223,7.677;9.45,6.607;6.846,2.734;
# 129:
>0:3.219,4.037;8.949,1.018;1.983,4.563;4.263,9.381;9.648,7.03;8.382,3.676;6.545,3.166;7.627,7.08;1.504,5.453;0.657,5.549;0.418,4.372;1.806,5.363;
# 130:
>0:1.89,1.912;5.684,8.132;2.695,2.505;7.146,2.153;4.546,1.219;2.632,9.717;9.137,4.894;0.892,3.496;8.172,3.365;4.734,8.953;1.711,9.327;5.987,3.04;7.506,0.519;1.281,5.702;5.546,6.746;1.641,1.25;2.481,1.227;0.025,9.009;1.188,8.411;5.487,1.425;
# 131:
>0:1.235,8.298;0.816,5.99;1.677,2.583;7.033,6.245;2.901,4.663;4.282,4.514;1.549,0.043;3.025,6.955;8.844,0.775;1.792,1.333;9.756,2.048;
# 132:
>0:7.567,3.593;6.196,4.507;7.353,6.846;7.2,4.598;2.659,4.097;4.949,7.251;9.274,9.398;1.919,6.102;7.902,2.54;7.329,5.902;5.951,8.662;9.509,5.305;4.791,2.142;6.623,9.917;
# 133:
>0:0.719,1.738;2.594,0.242;1.838,0.369;6.353,1.566;
# 134:
>0:4.885,9.921;
# 135:
>0:9.456,6.691;9.383,3.08;4.647,4.059;8.632,4.112;9.955,9.524;1.811,2.508;8.457,3.485;9.294,4.56;8.723,1.703;4.403,0.088;
# 136:
>0:6.748,8.454;1.163,6.637;5.93,6.176;5.668,6.816;5.135,8.182;0.37,2.764;1.033,9.632;7.66,9.07;1.804,1.448;0.86,5.152;
# 137:
>0:4.945,2.412;8.963,7.358;1.689,0.45;4.728,6.394;4.967,9.968;1.978,5.54;5.221,5.504;5.56,5.952;9.216,5.015;
# 138:
>0:5.268,2.018;2.658,1.84;4.805,0.835;1.333,2.749;1.705,3.289;8.279,0.988;9.121,2.854;8.295,7.597;8.526,5.395;6.052,0.987;6.531,7.106;2.76,4.842;2.127,1.277;
# 139:
>0:9.346,6.625;3.769,9.956;9.369,5.5;4.039,6.719;
# 140:
>0:8.314,9.041;
# 141:
>0:0.538,5.744;3.224,0.302;1.853,7.987;8.815,5.746;0.147,9.929;6.548,3.209;4.142,4.781;1.948,0.618;1.091,5.858;0.528,6.056;7.121,2.304;8.316,6.503;9.305,5.41;5.057,2.6;6.386,7.477;9.598,0.661;1.551,7.863;7.782,4.321;5.667,9.284;
# 142:
>0:2.692,3.298;4.337,6.311;4.487,9.545;7.641,9.927;3.174,6.059;0.831,1.954;6.117,9.89;7.649,1.518;3.818,0.964;5.842,3.518;1.361,4.488;0.857,5.399;7.49,5.152;9.282,7.6;4.008,7.315;2.011,5.873;
# 143:
>0:8.315,4.396;2.377,0.543;8.771,4.707;1.408,4.175;2.855,8.954;3.269,4.344;0.239,5.333;2.148,4.051;3.287,5.982;3.745,7.753;
# 144:
>0:2.845,6.405;1.388,5.381;3.653,7.143;2.834,4.509;0.714,9.658;8.776,1.682;8.917,1.162;4.644,6.548;2.293,9.344;1.055,2.985;7.621,6.257;2.514,2.837;4.444,9.953;7.444,7.288;3.871,3.394;6.356,9.478;4.26,8.79;
# 145:
>0:7.772,8.277;3.847,2.969;7.36,5.569;6.866,2.163;0.467,6.464;3.91,1.623;
# 146:
>0:4.752,3.886;2.789,4.632;3.914,3.531;6.457,3.308;2.713,4.903;3.31,8.631;7.817,2.726;4.64,1.34;3.399,7.576;3.163,4.233;6.885,3.082;1.788,1.392;4.615,0.751;6.172,6.204;4.115,6.806;7.845,6.576;0.164,9.783;3.301,5.076;3.513,6.679;
# 147:
>0:9.471,6.655;
# 148:
>0:8.239,8.216;
# 149:
>0:0.592,1.569;0.084,4.05;6.943,1.662;4.101,2.913;5.458,3.194;9.797,1.945;9.579,8.82;4.783,4.704;6.305,5.961;3.807,3.808;9.243,6.982;7.063,3.175;9.564,9.87;9.492,1.129;4.93,0.629;9.035,5.623;
# 150:
>0:1.593,7.394;4.243,6.013;4.487,9.218;9.187,7.559;5.223,7.106;9.584,4.796;
# 151:
>0:9.801,5.958;4.418,5.517;
# 152:
>0:6.22,8.61;
# 153:
>0:4.623,9.103;6.488,6.58;5.594,6.836;5.263,8.18;6.667,3.094;0.074,8.918;7.948,1.096;1.841,3.514;2.8,9.44;5.103,8.427;2.976,1.375;4.146,9.931;
# 154:
>0:6.712,7.562;3.55,2.886;1.468,7.813;7.33,2.159;7.297,0.409;9.054,7.141;0.41,7.213;2.236,4.786;7.691,0.945;1.342,6.698;0.745,3.123;7.091,7.646;7.661,5.952;7.97,0.08;0.972,8.049;8.404,5.659;1.76,7.772;0.15,9.448;
# 155:
>0:7.631,9.923;3.098,7.044;3.38,3.752;2.972,3.646;7.728,4.461;1.038,8.106;1.232,0.227;0.169,7.47;2.85,4.254;
# 156:
>0:6.35,7.141;8.927,2.909;6.857,2.87;8.791,8.608;2.568,0.717;4.873,5.218;9.187,9.988;8.302,1.561;4.774,1.202;6.984,3.542;4.546,0.785;9.582,7.858;5.482,9.383;9.712,8.134;1.067,4.864;7.657,6.778;8.798,0.145;
# 157:
>0:0.869,9.753;6.042,1.812;2.602,6.361;9.431,0.661;9.306,3.905;4.49,1.646;2.103,2.433;3.863,0.364;5.392,6.178;6.444,8.141;5.848,4.952;2.56,0.565;8.071,7.182;2.037,0.202;4.995,2.223;1.805,0.788;6.4,6.944;3.121,2.983;7.3,5.526;
# 158:
>0:6.225,4.707;8.209,3.107;3.465,2.229;
# 159:
>0:1.05,7.333;2.958,2.912;6.868,0.131;6.192,7.196;7.106,7.287;7.26,9.479;9.806,4.392;0.506,0.019;6.587,5.084;8.987,8.488;3.078,6.336;2.871,4.367;6.037,7.788;9.291,5.465;2.763,9.361;9.686,3.469;8.972,6.165;8.577,0.237;9.852,4.051;
# 160:
>0:8.942,5.622;8.851,1.0;5.405,2.101;4.858,5.625;9.945,6.298;3.906,4.725;6.778,4.078;7.742,7.038;8.019,4.489;
# 161:
>0:5.834,2.847;3.383,1.644;4.259,6.918;6.301,6.88;0.222,4.256;6.639,9.254;9.685,6.03;5.454,3.878;7.302,3.93;1.843,7.65;4.246,8.674;9.925,9.224;6.11,9.411;5.865,8.272;5.413,3.15;5.815,5.06;2.619,3.867;9.801,9.626;
# 162:
>0:3.122,3.392;5.242,4.108;
# 163:
>0:2.279,8.263;3.212,8.963;0.222,0.709;7.144,8.006;8.789,2.05;9.124,6.224;1.448,9.567;6.16,0.534;9.782,4.827;9.031,1.333;1.908,2.67;2.759,5.915;
# 164:
>0:6.178,5.619;2.062,7.084;8.736,6.918;2.383,8.531;0.677,4.275;2.01,3.69;6.585,3.884;8.119,8.051;1.7,8.002;3.485,2.695;4.221,7.754;1.571,3.017;6.165,7.642;7.881,5.755;3.299,6.957;3.236,9.096;7.258,2.391;8.102,5.957;
# 165:
>0:8.444,0.863;2.194,2.447;9.236,2.01;1.624,7.039;6.306,0.048;6.223,5.816;3.501,5.545;0.442,6.329;7.009,0.181;
# 166:
>0:9.967,3.438;7.961,9.379;1.875,9.231;9.562,4.114;3.977,7.49;5.639,5.642;8.165,2.459;6.726,3.757;0.458,3.817;
# 167:
>0:2.24,2.493;0.61,5.473;0.76,4.749;3.385,4.367;3.387,8.908;2.027,2.806;7.701,7.856;1.283,3.077;1.888,6.788;
# 168:
>0:2.41,3.488;7.689,6.077;5.555,6.624;5.346,3.604;7.343,7.108;7.043,1.093;
# 169:
>0:5.598,7.542;1.219,5.374;9.345,3.925;3.038,9.583;6.559,8.667;7.263,8.094;4.391,4.908;4.829,3.233;9.027,7.772;2.371,8.281;7.758,8.983;6.868,2.558;5.869,5.037;9.314,9.54;3.148,2.908;
# 170:
>0:7.297,8.211;3.503,6.391;4.195,7.782;8.053,4.978;6.346,9.469;
# 171:
>0:4.026,0.126;0.169,7.003;7.95,5.049;8.484,1.357;7.604,9.824;3.811,8.136;2.196,5.62;6.008,1.672;4.156,4.134;0.086,0.545;0.213,6.037;7.496,8.117;9.711,2.045;2.073,4.025;8.733,1.014;4.652,8.87;4.067,7.003;
# 172:
>0:5.58,1.446;9.419,3.972;2.959,2.151;5.648,8.098;8.292,0.534;
# 173:
>0:6.854,5.403;9.402,8.904;9.491,4.247;7.337,5.116;5.408,7.006;7.377,6.817;2.189,8.521;9.392,5.203;1.269,3.458;9.734,8.953;1.779,2.279;1.374,4.915;5.092,5.98;9.854,0.784;3.323,6.908;4.127,4.504;2.545,3.69;2.95,7.155;4.972,9.248;
# 174:
>0:4.241,3.488;3.537,4.436;1.881,3.114;7.077,2.229;5.185,9.499;8.224,1.223;9.79,0.408;8.056,5.022;2.519,5.14;2.315,3.077;8.646,0.15;2.574,7.603;6.685,7.669;6.985,4.916;4.088,6.595;9.856,4.695;
# 175:
>0:9.238,1.661;4.905,5.036;4.725,3.479;8.197,8.062;9.272,1.691;8.832,4.47;8.65,2.098;4.149,6.124;3.63,4.308;1.608,0.707;0.182,9.121;5.402,3.029;0.369,3.073;1.793,6.447;7.264,9.907;6.198,3.917;8.969,5.734;6.238,4.064;
# 176:
>0:3.354,9.413;4.456,9.349;
# 177:
>0:4.583,5.11;6.973,3.346;5.378,3.891;7.344,4.334;7.661,7.43;8.721,1.392;5.937,1.232;5.017,3.599;
# 178:
>0:1.357,2.988;9.477,6.087;3.297,6.149;4.364,1.102;2.937,3.648;4.563,5.444;2.448,0.923;4.062,3.363;6.191,5.713;8.218,2.31;7.677,7.005;5.525,3.108;5.208,8.942;7.075,0.491;3.737,6.223;6.541,5.887;3.986,0.494;8.542,6.546;
# 179:
>0:6.512,1.684;
# 180:
>0:7.342,7.352;3.025,0.766;5.912,4.022;7.558,4.948;3.877,1.375;9.663,4.678;9.112,6.401;8.282,2.471;
# 181:
>0:7.457,1.346;3.62,3.24;4.577,3.603;5.134,7.083;4.251,6.678;9.924,5.217;7.536,1.745;1.344,9.5;6.916,1.381;8.09,9.301;5.542,5.371;2.722,9.02;8.562,4.593;
# 182:
>0:7.877,7.291;8.255,6.76;4.936,2.862;6.572,4.21;6.401,7.237;9.021,4.728;6.785,7.157;7.042,2.715;4.194,0.292;2.401,6.752;
# 183:
>0:4.59,2.701;7.46,8.932;1.464,5.402;8.166,1.335;7.567,4.515;5.457,7.885;8.268,8.51;3.725,5.998;6.148,9.793;8.788,6.214;9.214,9.757;2.632,0.638;4.305,1.166;2.19,5.702;5.52,9.498;3.919,5.679;0.889,7.97;4.653,7.923;
# 184:
>0:7.313,2.4;
# 185:
>0:1.272,8.024;6.487,5.32;8.469,0.718;8.979,3.536;4.607,2.813;8.433,2.894;2.685,6.981;8.808,9.739;5.697,6.596;1.266,1.722;9.395,7.532;1.79,6.636;1.915,7.532;
# 186:
>0:2.556,1.33;8.784,3.728;
# 187:
>0:5.234,4.053;2.71,3.999;2.947,0.589;0.861,1.178;0.948,2.599;7.62,1.745;1.726,7.473;1.097,8.701;9.893,2.871;7.067,7.51;1.617,2.024;1.087,0.762;5.592,7.763;0.407,8.901;6.473,0.854;
# 188:
>0:0.101,6.43;6.66,0.251;7.669,0.526;7.005,5.787;8.426,5.419;9.78,1.189;
# 189:
>0:9.135,9.713;6.542,1.421;5.072,1.257;5.77,1.824;3.494,5.632;4.321,8.228;0.422,8.204;3.944,4.07;1.928,5.365;2.423,4.242;7.676,6.704;2.519,6.245;7.524,6.65;8.143,3.554;2.652,6.611;4.31,6.514;2.701,1.319;4.255,1.0;9.838,2.691;
# 190:
>0:4.353,5.604;3.173,4.349;5.706,5.173;3.81,7.049;3.796,1.525;9.238,9.707;7.612,0.363;3.791,0.364;8.0,9.992;1.33,0.736;8.492,4.387;
# 191:
>0:9.301,1.543;5.792,7.457;9.938,9.604;7.314,9.397;6.341,3.873;5.793,0.409;1.428,1.1;1.552,1.722;7.945,9.323;4.687,2.569;
# 192:
>0:2.921,8.186;1.848,8.727;9.408,2.945;2.633,2.257;3.875,4.289;
# 193:
>0:5.834,6.231;3.101,7.955;3.172,1.052;2.493,5.608;2.01,8.281;1.025,1.53;1.071,2.96;0.54,0.808;2.962,3.182;0.903,4.444;5.327,1.168;5.577,6.056;4.321,5.861;6.658,4.634;8.755,1.199;3.894,4.011;7.96,2.66;1.975,8.955;
# 194:
>0:7.719,2.097;8.584,2.224;1.99,1.909;8.647,3.046;3.672,2.414;9.853,8.871;3.377,1.12;5.163,6.565;7.553,5.404;3.351,7.613;8.667,2.762;4.804,0.704;2.695,3.739;9.107,5.592;
# 195:
>0:3.184,2.053;7.68,3.164;9.664,6.574;2.882,8.505;2.525,1.324;5.438,0.125;5.424,7.117;5.69,9.838;9.917,3.566;0.78,5.819;4.235,0.738;6.701,0.713;6.906,4.615;5.725,9.806;6.827,6.289;9.461,6.878;3.074,3.797;4.929,7.719;6.562,5.003;
# 196:
>0:8.107,2.858;
# 197:
>0:4.725,9.283;2.21,2.817;4.967,0.52;
# 198:
>0:1.97,2.721;8.613,1.219;6.138,1.995;0.607,3.053;9.879,1.542;4.678,8.723;5.598,8.118;6.966,9.345;8.785,0.526;7.304,0.933;7.44,1.605;
# 199:
>0:2.898,5.308;5.171,9.005;2.013,3.06;8.038,2.183;9.849,6.361;3.797,8.917;0.962,8.42;9.719,6.85;
# 200:
>0:0.344,6.849;4.958,7.44;3.944,0.679;7.347,7.519;1.992,3.897;3.478,1.851;5.662,7.747;1.423,0.394;2.507,2.532;5.143,1.728;0.086,1.458;4.161,4.642;1.333,2.575;8.195,5.739;5.093,9.134;2.104,2.063;2.997,2.431;2.778,2.193;2.089,4.428;5.119,1.346;
# 201:
>0:5.734,5.437;6.622,9.554;7.076,9.11;7.806,2.796;7.303,1.503;8.417,2.744;2.018,6.344;9.504,4.732;9.924,1.541;3.083,3.29;8.697,9.982;5.466,4.053;9.32,5.217;3.747,6.816;2.888,9.07;3.051,5.109;7.372,9.502;6.508,0.043;1.445,2.819;
# 202:
>0:7.106,1.387;6.113,5.426;3.473,2.829;3.873,1.05;6.986,2.45;6.414,7.688;4.805,9.597;2.989,0.315;4.42,1.699;9.06,7.568;6.107,7.581;
# 203:
>0:3.488,3.457;5.829,3.82;
# 204:
>0:9.66,8.362;2.334,5.227;9.203,1.974;0.866,6.96;8.291,2.67;6.175,9.744;7.772,5.567;9.851,2.407;0.672,4.529;2.229,4.702;5.799,6.457;3.191,5.531;9.301,5.344;0.806,5.716;
# 205:
>0:6.104,0.276;5.689,5.118;8.264,0.602;1.45,6.744;5.896,5.863;7.843,5.617;7.72,2.794;9.35,7.212;8.999,6.13;2.366,8.309;9.582,6.379;
# 206:
>0:5.565,5.966;4.527,5.936;2.379,6.813;5.984,5.007;3.948,2.926;5.877,0.322;3.857,7.803;3.773,4.075;2.086,1.523;8.357,9.389;7.651,6.702;3.357,6.163;
# 207:
>0:2.679,8.547;3.454,6.392;7.611,9.813;1.396,0.906;2.865,6.029;7.788,1.751;7.444,6.717;6.26,8.212;8.136,2.238;6.228,4.849;1.405,0.517;1.527,1.576;7.821,1.435;4.296,4.598;
# 208:
>0:7.855,5.534;5.181,2.856;0.382,4.885;4.848,7.856;7.321,0.876;7.45,5.882;5.868,6.11;1.767,4.41;9.776,1.072;3.498,8.2;9.987,8.11;1.622,8.81;0.184,2.452;
# 209:
>0:6.79,2.456;0.042,8.073;8.885,9.697;2.061,7.139;7.646,6.408;
# 210:
>0:0.049,7.462;1.03,2.65;0.611,2.089;0.251,4.206;0.701,2.308;4.347,1.723;9.864,3.306;7.761,1.837;
# 211:
>0:0.94,9.279;6.176,8.699;8.001,4.42;5.418,0.523;9.248,8.792;0.981,6.072;2.838,5.301;3.868,2.585;9.999,2.758;8.319,3.166;
# 212:
>0:2.314,5.323;9.985,3.766;5.354,5.513;0.04,4.52;5.2,7.413;3.846,7.138;
# 213:
>0:6.544,7.754;4.687,3.864;0.462,2.549;2.325,6.319;6.766,3.206;2.669,7.846;9.742,5.283;6.033,8.634;9.886,8.665;4.588,4.965;4.205,6.381;9.026,5.739;
# 214:
>0:8.608,1.516;2.174,8.242;5.178,9.798;6.273,0.372;1.01,8.204;2.639,0.153;1.949,3.535;6.566,7.398;0.707,6.294;
# 215:
>0:9.673,1.969;3.912,1.556;2.045,4.137;9.173,1.661;1.191,5.525;6.728,4.023;1.553,6.937;
# 216:
>0:8.818,5.553;0.298,1.854;1.747,3.498;7.598,9.647;6.843,3.881;8.279,4.538;0.228,6.723;2.025,6.115;2.5,4.544;8.721,3.82;6.39,0.829;9.393,6.172;7.216,8.433;5.675,6.536;
# 217:
>0:0.03,9.073;8.167,5.795;1.236,7.35;1.875,0.38;4.561,3.899;9.805,4.645;6.611,3.127;7.551,3.502;3.307,1.927;
# 218:
>0:3.866,7.442;2.421,5.163;6.718,3.113;1.523,8.159;5.044,5.064;6.672,6.929;4.829,7.112;3.801,3.271;1.955,8.601;
# 219:
>0:2.635,1.656;6.548,2.652;1.769,5.371;7.664,2.613;3.91,1.986;1.404,0.126;7.586,9.278;0.219,2.888;9.846,7.951;7.563,9.622;7.696,0.799;0.34,0.503;4.542,7.436;0.025,5.541;4.673,5.361;0.892,1.257;
# 220:
>0:2.894,7.666;
# 221:
>0:1.256,3.419;0.054,6.592;6.464,3.633;2.643,4.067;8.901,5.71;0.653,4.205;3.389,2.25;8.736,6.445;5.374,3.857;8.858,4.512;3.252,8.637;2.856,7.947;5.36,3.603;1.739,1.229;
# 222:
>0:7.224,3.032;2.633,7.1;5.711,2.878;2.83,5.293;6.266,2.75;7.031,1.099;6.386,2.625;8.665,0.104;2.623,5.481;4.072,1.044;1.774,1.266;2.195,2.168;
# 223:
>0:0.015,8.823;
# 224:
>0:2.876,1.862;3.795,2.778;6.251,3.351;2.84,3.367;9.024,2.154;9.044,8.083;6.687,3.645;2.817,2.883;0.915,9.158;9.226,4.862;1.437,6.749;1.479,1.192;8.291,0.887;4.998,9.74;9.607,5.298;9.959,1.604;9.51,7.304;
# 225:
>0:8.682,1.494;0.763,9.695;1.61,4.654;8.344,5.414;9.293,9.759;4.197,6.237;4.348,4.306;8.257,4.21;1.214,6.457;4.71,3.886;7.477,5.241;6.872,2.807;0.495,5.078;6.337,5.508;
# 226:
>0:5.493,2.69;0.218,8.68;5.466,3.751;5.122,2.733;2.032,2.709;9.373,9.774;4.883,3.519;5.387,7.328;7.43,7.165;2.486,6.822;
# 227:
>0:4.975,1.777;4.384,4.303;8.085,8.476;7.692,4.714;1.503,4.724;7.766,9.741;5.619,6.142;7.314,8.011;9.694,4.67;0.552,7.862;
# 228:
>0:2.81,3.566;8.202,4.64;6.536,3.606;0.615,3.161;1.723,5.715;8.652,2.624;3.952,2.904;5.775,4.067;8.744,8.005;3.931,9.938;0.842,9.688;0.244,7.632;1.637,3.81;1.162,2.232;1.559,6.639;1.245,1.242;
# 229:
>0:9.474,5.154;7.019,2.841;3.694,9.286;7.005,1.672;2.183,9.648;4.633,9.114;4.835,1.091;6.624,3.357;8.707,3.373;8.478,3.773;2.687,3.312;8.72,7.883;8.611,8.238;5.55,0.514;
# 230:
>0:1.504,1.91;9.924,5.132;9.814,4.863;5.505,8.05;0.169,6.5;9.029,6.632;3.129,0.516;7.604,5.044;1.085,7.054;7.863,3.15;7.718,7.462;9.997,0.133;8.663,4.681;1.615,1.07;4.333,1.988;
# 231:
>0:1.537,4.596;8.959,1.747;2.231,8.116;8.63,2.644;8.42,3.187;3.7,0.774;8.943,9.816;8.473,8.114;8.497,1.837;6.963,7.171;0.073,7.494;9.112,5.612;4.343,6.073;9.44,5.464;6.522,7.821;6.694,3.174;9.979,4.619;
# 232:
>0:9.26,4.874;0.666,7.834;7.356,3.432;5.216,6.149;1.721,1.103;7.301,8.699;2.695,3.528;
# 233:
>0:4.197,2.637;5.164,1.438;0.101,3.18;4.787,0.697;7.268,5.968;7.221,9.206;7.403,7.163;7.822,2.347;6.183,7.043;5.983,0.442;8.303,0.357;2.695,5.313;5.496,3.927;4.227,2.578;2.051,2.607;9.238,9.018;5.148,9.2;2.343,3.535;
# 234:
>0:9.224,8.378;6.55,3.39;9.417,1.299;8.72,9.822;1.791,0.683;8.63,7.58;3.851,8.918;2.576,9.369;1.644,5.16;9.013,9.337;8.505,5.497;7.352,8.641;4.704,8.085;5.703,9.447;7.202,3.951;2.778,1.007;3.229,8.29;9.301,8.241;9.713,6.306;0.485,3.348;
# 235:
>0:9.228,5.349;7.755,2.637;2.011,3.889;6.371,6.463;0.206,7.139;1.967,2.823;9.174,8.022;3.471,8.91;8.123,0.408;8.821,8.598;4.182,2.752;1.64,2.877;5.818,6.017;5.168,3.963;5.565,8.106;1.865,0.938;9.074,6.149;
# 236:
>0:8.674,6.874;3.577,4.038;9.563,2.925;
# 237:
>0:4.73,9.666;4.977,3.367;9.899,7.782;4.972,1.75;1.384,0.576;8.511,2.752;4.368,1.275;5.639,7.122;0.359,2.181;4.003,1.844;6.851,5.876;6.85,3.099;3.372,2.499;4.548,0.886;7.326,2.25;
# 238:
>0:3.804,3.83;0.651,0.265;6.645,4.684;4.273,5.818;5.574,5.402;5.061,6.752;1.751,9.904;9.462,3.999;7.085,9.609;3.007,9.276;
# 239:
>0:2.129,8.285;7.386,3.418;7.493,2.724;4.078,0.92;4.872,4.172;1.976,6.098;7.542,6.018;2.741,7.742;4.394,1.907;4.495,8.129;2.909,6.371;7.533,9.871;0.445,2.628;1.7,1.674;5.322,2.49;1.944,4.763;6.823,1.399;0.591,5.477;4.007,2.094;
# 240:
>0:2.418,4.559;8.401,1.487;3.96,3.715;5.39,6.174;6.914,7.494;0.079,2.49;8.828,6.974;9.431,2.463;0.813,8.876;4.879,0.395;5.742,0.672;7.546,7.991;6.621,3.409;1.954,8.269;0.656,5.426;3.476,7.548;2.815,7.779;0.317,5.198;4.664,2.642;7.187,9.933;
# 241:
>0:7.854,3.85;1.371,8.132;0.345,8.707;2.696,9.938;4.0,2.892;7.651,1.371;9.231,4.251;8.805,8.79;
# 242:
>0:6.877,6.299;2.088,2.403;6.0,8.165;
# 243:
>0:7.278,1.763;1.631,7.39;5.615,3.93;6.667,4.554;2.766,3.585;4.371,6.437;8.851,5.174;3.333,1.353;0.471,5.214;3.903,9.441;7.456,4.808;8.875,7.457;0.045,3.96;6.422,8.907;5.997,7.825;7.28,3.674;
# 244:
>0:6.729,6.214;3.375,4.951;8.722,1.236;0.317,6.003;8.06,4.627;6.424,5.461;6.794,8.639;6.397,7.316;5.186,9.45;1.21,5.241;
# 245:
>0:8.914,1.282;8.715,6.343;9.891,1.915;3.852,2.854;8.084,8.956;2.714,6.273;5.757,4.396;
# 246:
>0:8.181,0.737;0.799,6.211;1.121,3.282;5.391,0.821;0.958,9.603;8.371,3.336;8.065,0.562;2.132,8.071;6.446,0.161;9.593,5.483;3.445,3.973;4.367,6.332;3.036,9.783;2.253,4.276;3.578,2.678;5.212,6.503;6.88,9.568;0.419,2.017;9.382,3.46;
# 247:
>0:5.31,2.646;4.252,4.262;6.751,4.805;4.664,0.547;2.099,9.877;4.86,9.144;7.721,1.045;9.505,5.358;0.795,4.886;7.925,8.404;7.582,2.916;9.672,4.007;
# 248:
>0:4.511,4.254;1.228,0.124;9.703,1.583;6.543,2.593;4.823,5.195;5.588,7.9;4.704,8.016;9.701,0.409;9.148,4.907;4.461,6.168;3.916,4.829;5.494,8.925;7.621,0.057;3.726,7.225;8.763,5.274;0.2,5.055;8.252,7.769;7.484,1.26;
# 249:
>0:5.303,8.34;
# 250:
>0:7.361,9.161;1.087,0.003;3.445,3.915;4.448,0.248;0.351,6.496;2.599,5.436;3.799,0.6;8.738,7.435;7.674,7.916;7.029,7.743;9.757,6.42;6.858,7.987;7.339,6.479;0.21,6.194;
# 251:
>0:7.74,7.828;
# 252:
>0:1.915,9.105;2.311,1.125;7.649,4.589;5.943,3.117;8.793,6.247;0.048,4.833;9.156,1.199;0.604,0.559;
# 253:
>0:4.446,6.778;2.016,4.193;9.964,1.217;
# 254:
>0:8.327,5.195;1.447,5.59;7.194,0.626;9.495,9.581;6.281,8.648;3.838,8.323;1.628,4.385;9.694,1.246;7.89,6.069;5.411,9.125;6.426,1.454;6.786,0.333;1.257,4.252;4.14,1.835;2.931,7.844;4.515,6.589;6.44,5.732;0.634,8.103;9.98,4.773;
# 255:
>0:7.828,3.216;2.633,2.387;8.682,0.791;9.03,4.876;9.864,0.566;8.895,7.551;7.273,4.003;4.542,0.398;2.268,8.323;8.497,8.69;7.229,6.575;6.935,9.701;7.953,5.751;
# 256:
>0:4.538,3.817;
# 257:
>0:6.638,8.191;9.006,0.428;4.937,9.795;0.26,8.352;5.124,3.49;9.693,2.969;0.172,5.275;0.045,4.404;2.252,3.471;
# 258:
>0:1.513,5.861;3.988,1.857;4.175,5.492;
# 259:
>0:9.612,0.653;1.52,4.178;2.654,7.988;2.518,8.426;5.908,4.503;
# 260:
>0:0.735,4.568;6.868,4.107;6.296,9.237;3.914,0.714;
# 261:
>0:8.375,6.648;
# 262:
>0:9.658,7.382;7.513,6.376;5.513,6.149;4.868,3.309;8.896,4.622;7.891,0.724;4.716,2.744;4.947,9.718;8.493,6.395;8.206,7.255;8.548,2.576;0.759,9.721;1.573,3.4;1.167,1.871;5.387,8.833;5.205,4.431;5.928,9.342;6.183,6.253;4.188,3.535;
# 263:
>0:5.53,7.983;4.177,1.208;1.937,1.858;1.11,7.262;3.191,0.754;1.859,9.962;7.238,8.274;4.481,5.828;0.674,6.466;8.296,4.217;9.902,2.922;0.859,2.779;
# 264:
>0:1.867,2.361;1.277,2.217;2.868,0.057;0.8,4.711;0.925,9.589;4.886,3.811;7.41,7.061;6.552,1.817;3.914,9.003;4.647,0.637;4.107,5.374;2.097,6.246;5.272,2.167;7.426,4.673;8.877,1.46;6.231,6.278;3.451,1.397;8.205,4.957;
# 265:
>0:8.716,5.808;1.263,5.443;8.611,2.186;7.239,9.78;7.259,5.932;6.689,9.845;5.867,6.558;7.216,3.477;4.874,7.297;6.556,9.946;5.505,2.816;5.48,7.462;4.513,5.835;0.738,4.48;9.624,6.809;4.997,5.17;4.75,9.636;4.639,7.347;4.257,7.293;7.077,3.346;
# 266:
>0:4.322,8.991;5.934,1.196;5.692,4.309;0.846,7.23;4.824,4.663;
# 267:
>0:9.216,4.101;6.483,7.096;5.083,7.222;9.947,6.76;6.342,4.378;3.875,9.898;0.895,3.607;1.327,8.268;5.126,6.604;0.733,0.679;7.162,6.869;1.442,6.796;4.94,0.483;0.653,7.089;0.833,5.108;5.748,0.088;6.776,7.099;
# 268:
>0:3.806,4.743;5.582,5.269;6.479,6.816;6.612,0.125;0.739,4.56;1.943,2.577;5.336,6.914;8.724,7.94;1.683,0.202;0.308,8.481;5.604,5.153;2.715,4.251;9.921,0.149;7.527,0.749;3.921,2.975;4.248,9.654;3.896,5.328;1.749,2.785;8.07,6.157;5.907,9.417;
# 269:
>0:1.365,2.01;5.027,5.538;3.897,9.64;2.262,7.026;
# 270:
>0:1.594,0.011;0.151,9.347;2.9,9.19;2.405,6.544;0.049,1.402;3.4,8.627;3.568,2.108;8.481,1.534;1.208,4.403;3.311,2.165;8.93,0.394;2.173,5.307;2.011,2.581;
# 271:
>0:8.956,2.951;6.236,8.015;8.609,1.453;6.99,4.071;7.75,4.221;9.518,3.458;3.571,9.34;1.26,2.62;9.653,7.087;5.552,9.063;7.547,9.298;6.691,9.549;9.375,0.866;4.04,0.423;7.888,4.594;4.731,2.79;8.537,1.904;
# 272:
>0:9.369,9.085;0.394,2.418;0.088,7.057;8.701,8.826;5.536,2.555;8.108,7.693;2.733,0.958;2.297,1.499;2.498,4.774;0.133,5.407;2.477,5.59;3.546,8.161;3.485,8.802;7.877,9.175;0.657,2.103;6.092,5.769;
# 273:
>0:5.13,8.701;6.857,4.994;4.048,0.837;3.533,4.507;3.994,8.217;9.104,2.923;3.821,1.32;0.438,2.017;2.817,2.971;2.476,5.91;8.632,8.333;8.892,1.629;4.907,5.728;9.768,4.692;1.783,4.594;6.54,3.838;0.755,9.053;7.559,1.3;7.962,3.145;
# 274:
>0:6.642,4.019;2.144,2.608;8.781,0.378;2.149,5.956;8.201,5.81;7.944,5.889;5.895,0.109;3.156,4.354;3.016,6.722;5.487,3.896;5.193,1.377;3.461,6.915;0.192,8.311;3.534,1.879;4.289,8.968;1.939,5.696;9.367,0.068;1.104,5.538;5.242,1.203;1.3,5.624;
# 275:
>0:5.915,0.85;7.657,2.047;7.162,1.72;3.707,9.704;4.059,9.621;7.392,3.464;3.079,8.287;3.327,0.746;1.758,3.326;
# 276:
>0:8.029,5.135;4.603,4.539;5.083,9.192;8.156,7.036;1.284,6.928;6.052,9.846;6.865,3.718;5.148,0.065;5.013,8.729;6.067,1.124;7.247,4.522;2.63,5.166;6.037,6.877;8.397,4.548;9.293,2.949;5.247,4.366;0.163,8.874;7.842,4.213;
# 277:
>0:1.3,3.289;9.791,7.84;1.577,4.897;0.692,0.727;7.007,1.611;6.112,1.8;1.371,8.773;9.154,8.075;0.709,4.33;
# 278:
>0:3.7,0.104;0.859,3.317;0.174,7.138;0.393,6.681;
# 279:
>0:4.807,1.137;7.042,1.08;1.858,2.76;
# 280:
>0:7.043,4.18;7.965,7.635;
# 281:
>0:2.859,6.269;7.713,1.971;7.937,9.786;8.314,3.414;0.497,1.434;6.416,1.735;2.004,0.767;4.347,9.255;2.931,9.953;4.136,5.061;1.716,0.409;2.763,9.465;2.312,8.752;9.315,5.978;2.047,1.267;0.962,4.739;6.229,2.077;7.152,9.133;
# 282:
>0:1.159,2.104;1.217,2.572;1.569,7.543;9.225,1.917;2.02,7.537;3.193,2.426;9.172,9.873;6.425,1.338;8.58,0.432;2.563,1.128;3.693,1.004;2.166,1.616;5.952,4.167;
# 283:
>0:4.109,2.73;9.53,0.957;3.82,9.772;4.868,4.328;8.441,6.901;6.559,1.101;4.888,4.747;8.918,5.026;5.288,4.946;3.388,3.891;8.319,1.861;4.849,6.319;1.896,1.476;7.179,8.969;8.36,9.925;
# 284:
>0:0.061,6.35;2.044,6.539;7.225,6.759;7.474,6.253;1.589,1.393;3.575,1.344;7.161,3.019;6.075,2.931;8.262,1.753;0.281,9.699;6.664,0.553;4.984,8.581;6.01,0.725;7.112,1.757;
# 285:
>0:3.494,4.345;9.794,7.76;8.794,1.678;1.554,2.915;8.603,4.485;8.383,6.846;9.993,4.251;9.248,6.199;0.736,9.286;5.359,8.905;7.313,5.93;7.164,9.132;7.611,2.219;5.108,9.19;5.735,8.43;7.234,9.204;7.17,2.071;8.461,7.375;0.346,7.003;0.332,2.711;
# 286:
>0:7.041,5.725;6.139,6.377;
# 287:
>0:7.415,6.045;2.017,5.11;0.345,2.729;7.493,5.663;3.597,1.207;2.142,8.651;7.592,9.883;
# 288:
>0:2.862,8.847;3.544,7.303;
# 289:
>0:1.498,9.026;4.097,9.055;2.612,2.937;1.862,6.627;4.283,4.746;1.948,4.757;4.071,5.055;8.817,8.73;3.345,6.885;6.438,3.701;7.171,6.414;0.675,2.863;1.966,3.295;1.908,7.782;9.812,5.094;5.12,8.035;2.907,9.637;2.771,9.795;8.199,8.613;
# 290:
>0:7.594,6.229;2.984,6.101;0.57,7.369;5.666,7.392;6.043,0.412;9.818,7.001;7.036,7.332;0.764,2.629;9.639,2.336;8.451,4.515;
# 291:
>0:7.769,3.97;2.957,7.935;3.816,7.475;9.172,8.291;4.047,3.826;8.426,9.075;4.213,1.194;1.649,4.146;3.377,6.393;6.061,8.944;0.121,3.715;4.594,4.936;5.546,8.515;0.798,8.562;3.233,2.192;5.796,5.049;2.085,1.981;5.193,5.386;9.147,0.149;
# 292:
>0:2.955,0.437;5.49,7.464;5.635,3.583;1.164,6.389;2.142,5.187;7.854,3.338;4.278,3.638;4.646,7.215;4.307,5.764;1.202,8.616;6.763,5.915;2.271,3.617;7.613,1.559;3.865,9.323;6.436,3.945;2.75,9.046;8.301,6.822;
# 293:
>0:5.473,8.008;8.348,1.933;5.305,4.04;7.373,6.677;
# 294:
>0:8.975,8.877;0.763,2.47;5.928,0.677;3.324,5.724;4.468,1.129;1.586,4.931;8.571,7.031;4.186,8.506;5.598,9.371;8.641,7.664;0.209,8.719;5.75,5.106;
# 295:
>0:9.937,0.168;7.428,5.097;0.876,4.728;5.945,7.126;
# 296:
>0:6.998,1.723;9.705,1.114;
# 297:
>0:8.953,9.899;5.297,3.111;7.935,9.338;7.758,6.782;5.852,8.45;9.09,2.73;8.577,4.25;0.822,6.537;5.379,1.904;7.723,4.111;0.136,6.682;4.117,7.711;4.461,4.78;6.461,0.397;3.264,8.447;
# 298:
>0:2.007,3.591;4.302,5.22;2.88,4.13;8.197,9.721;1.264,6.579;4.517,3.888;8.76,2.04;1.987,2.802;7.326,8.171;8.459,7.59;9.629,4.199;4.307,8.788;2.287,8.012;8.211,8.749;0.05,3.745;7.951,7.694;4.03,5.115;2.734,8.765;
# 299:
>0:4.244,3.534;4.603,0.83;8.231,9.324;1.508,7.62;2.559,9.246;1.242,6.075;
# 300:
>0:3.978,0.033;6.282,6.35;6.814,4.498;3.196,3.458;9.608,1.282;6.505,6.948;3.543,1.491;0.977,7.519;5.763,3.103;2.766,1.388;7.27,8.016;0.775,1.433;4.031,6.077;3.264,8.652;2.487,9.956;
# 301:
>0:4.196,9.712;7.915,9.22;2.331,8.069;8.442,4.799;6.059,2.914;1.663,5.053;8.559,1.314;2.812,7.766;1.289,5.484;4.96,0.67;9.314,0.852;2.648,2.823;
# 302:
>0:9.097,9.436;7.398,5.463;0.773,0.717;1.172,7.907;9.136,2.725;0.556,9.588;2.534,5.26;3.295,1.947;9.549,7.457;4.91,3.403;7.228,4.465;8.802,7.871;6.571,7.99;
# 303:
>0:4.986,3.286;2.401,1.706;3.109,2.819;7.223,4.73;5.355,0.744;4.513,6.84;8.146,4.092;2.948,9.651;2.043,3.208;4.579,2.081;5.195,0.53;5.942,2.727;2.314,4.711;9.803,7.027;3.07,9.352;8.569,6.069;7.82,3.665;
# 304:
>0:4.232,4.628;1.689,6.526;7.513,3.715;5.771,0.844;3.821,5.317;2.418,7.356;
# 305:
>0:3.858,6.972;6.268,0.865;2.063,5.044;5.125,4.107;2.893,8.728;
# 306:
>0:9.946,7.416;6.868,5.401;4.114,3.623;4.111,9.78;5.164,1.272;4.863,7.983;5.099,3.162;6.876,3.304;6.413,8.515;5.83,2.687;
# 307:
>0:1.394,5.431;0.009,9.493;2.332,3.869;5.341,9.32;
# 308:
>0:9.984,8.358;9.79,7.903;0.846,7.66;3.996,7.374;7.012,2.596;7.308,8.243;5.322,3.326;8.754,0.766;2.229,9.713;5.191,1.07;1.17,6.965;5.912,8.372;3.61,1.692;6.671,4.842;4.746,3.207;8.744,3.652;1.709,0.879;0.504,5.194;6.952,3.892;
# 309:
>0:4.917,4.615;4.946,5.116;8.94,6.026;4.93,8.8;7.771,5.675;7.163,7.983;8.894,3.455;0.355,7.588;5.484,0.588;
# 310:
>0:9.485,1.778;3.012,3.994;2.492,7.782;9.159,6.842;8.158,3.77;5.604,2.279;8.246,1.373;9.564,2.189;5.596,4.263;2.07,7.907;1.794,7.824;0.131,8.465;9.359,9.218;5.381,3.891;0.039,7.802;8.327,8.929;0.458,5.767;
# 311:
>0:1.039,9.315;7.023,3.75;
# 312:
>0:1.849,6.264;5.744,3.632;3.474,6.992;7.364,7.811;0.599,4.735;3.563,1.368;2.713,8.393;6.558,0.686;3.916,4.026;0.913,4.48;2.243,4.067;1.305,6.346;7.826,9.343;7.678,0.229;1.948,5.143;3.189,5.057;
# 313:
>0:7.915,6.343;7.425,5.384;8.194,4.254;3.034,8.442;4.484,3.055;2.629,1.825;5.634,9.391;9.595,4.45;6.227,9.917;1.278,4.469;3.031,6.101;3.606,2.943;4.729,6.563;4.377,7.561;6.399,5.974;5.591,5.652;0.169,4.394;
# 314:
>0:8.145,3.944;7.182,9.399;6.986,2.262;5.05,5.048;9.524,6.801;2.398,7.44;3.534,6.465;3.085,5.663;7.917,8.901;1.127,0.211;8.772,7.098;7.133,1.492;7.011,3.741;3.229,7.378;7.537,6.574;9.603,4.891;0.699,2.398;0.979,2.566;6.733,0.889;
# 315:
>0:9.438,7.174;6.505,3.648;9.275,6.768;1.233,5.778;0.688,1.905;2.551,9.47;7.941,8.389;0.266,0.72;3.48,4.6;8.973,4.09;9.987,4.352;0.046,8.283;3.007,2.499;
# 316:
>0:1.817,1.208;5.762,0.78;3.626,7.194;9.514,8.571;1.211,4.728;7.408,7.724;
# 317:
>0:4.709,0.526;6.95,4.94;0.137,6.71;7.919,3.049;6.843,2.422;2.097,5.613;8.49,4.623;7.004,1.138;8.034,7.999;2.014,5.997;1.146,6.183;
# 318:
>0:5.255,4.05;9.973,8.135;4.567,1.045;
# 319:
>0:7.694,8.384;9.737,5.267;4.422,9.165;6.019,5.112;2.47,8.016;3.605,4.628;6.893,1.998;8.07,1.298;1.162,9.763;0.403,1.871;0.442,3.745;1.656,0.409;9.385,7.164;1.986,9.515;5.52,2.722;
# 320:
>0:7.698,7.488;0.071,1.726;3.332,4.278;8.241,7.682;8.944,5.359;7.747,2.829;9.84,2.18;9.926,7.085;4.809,0.321;2.461,5.631;4.709,5.082;6.879,5.053;4.966,3.62;1.635,5.679;3.655,2.195;1.912,2.612;9.627,0.518;
# 321:
>0:8.298,7.051;4.195,9.637;9.757,1.016;5.207,9.409;6.477,6.132;9.83,2.122;3.294,7.217;6.44,7.974;6.266,3.32;6.401,9.544;5.284,6.645;3.873,0.64;2.625,0.517;3.611,7.157;7.177,7.18;7.246,6.756;4.278,0.729;9.768,9.848;6.019,1.431;5.226,7.329;
# 322:
>0:9.803,2.495;7.388,9.601;0.525,4.059;1.433,7.532;4.348,3.785;0.326,8.614;8.701,6.811;
# 323:
>0:5.982,4.665;5.184,1.36;8.515,1.462;8.559,5.746;4.322,4.416;5.761,4.444;
# 324:
>0:7.716,9.265;2.7,1.543;
# 325:
>0:8.746,4.833;8.072,2.256;8.086,2.036;
# 326:
>0:3.64,1.115;1.042,6.186;8.426,3.468;9.313,0.704;
# 327:
>0:9.923,3.128;8.068,8.314;3.36,2.7;8.192,3.978;7.333,4.909;6.006,1.54;1.174,7.053;3.714,7.305;4.703,5.202;4.098,4.199;0.169,9.779;0.963,1.202;7.295,0.848;
# 328:
>0:8.548,9.429;
# 329:
>0:6.036,4.005;1.449,1.838;8.518,8.983;9.331,7.037;
# 330:
>0:8.064,6.986;9.304,0.057;2.671,6.744;6.671,2.012;4.736,2.16;1.125,4.571;1.09,2.057;5.064,5.71;7.37,1.205;1.262,7.569;1.585,4.033;0.792,6.298;0.563,7.09;2.512,5.695;
# 331:
>0:9.796,2.86;2.004,7.759;1.42,8.691;5.61,6.927;8.052,9.458;7.741,2.057;6.484,9.855;4.68,3.755;6.689,2.604;5.505,8.163;6.321,3.829;0.296,4.234;1.566,7.563;7.225,7.133;7.037,9.151;
# 332:
>0:4.688,2.919;9.162,1.008;0.209,3.869;0.325,6.506;2.863,4.875;3.209,2.936;1.637,9.768;6.926,8.466;3.817,6.257;1.837,3.032;8.023,5.381;0.977,8.311;7.239,3.775;6.734,1.412;5.451,2.302;3.46,8.071;7.347,5.798;4.044,1.083;
# 333:
>0:9.43,8.693;9.535,7.663;6.775,0.521;9.029,5.27;6.451,6.934;6.058,5.867;9.808,2.665;2.59,4.755;
# 334:
>0:8.405,8.876;3.643,1.934;3.446,4.608;5.033,8.621;3.796,6.633;8.98,6.653;0.896,4.248;9.796,5.03;6.092,1.227;
# 335:
>0:8.945,5.492;2.745,6.016;4.974,7.61;1.307,0.955;4.787,7.114;9.47,0.652;5.492,5.68;0.914,9.769;6.136,0.715;4.874,4.661;4.898,6.217;0.788,6.961;0.881,7.026;
# 336:
>0:6.876,1.333;6.787,2.838;
# 337:
>0:1.861,2.038;6.441,9.577;3.751,2.73;7.787,4.443;2.51,5.649;6.826,5.692;8.113,8.451;6.623,9.169;7.202,8.233;4.285,4.236;5.385,2.223;9.004,1.778;6.188,0.069;7.782,8.632;9.004,5.757;9.869,7.066;
# 338:
>0:9.07,6.539;2.564,4.648;6.884,6.727;1.101,1.411;4.074,1.408;1.694,8.364;
# 339:
>0:5.751,6.829;1.983,9.495;5.117,4.7;2.008,8.368;7.391,2.003;4.384,3.108;
# 340:
>0:0.01,6.121;5.78,2.32;1.903,2.88;0.917,3.836;0.34,9.153;7.251,7.441;6.595,8.734;9.427,6.797;7.98,9.319;5.3,4.768;6.898,9.667;9.043,4.07;3.605,7.684;6.7,1.96;1.638,5.2;3.324,6.617;7.572,6.437;9.945,2.684;4.57,8.204;1.506,9.902;
# 341:
>0:8.889,3.296;4.137,3.059;2.218,5.513;
# 342:
>0:9.601,4.248;
# 343:
>0:9.059,8.6;6.849,1.089;2.098,2.284;9.7,6.942;1.324,8.326;6.576,3.384;0.06,7.856;9.459,8.142;5.71,1.349;9.395,8.696;3.116,6.607;7.248,0.251;6.312,5.643;
# 344:
>0:9.237,2.018;1.255,2.689;5.154,2.094;5.473,2.313;9.646,8.652;1.738,0.423;5.754,8.088;6.769,4.556;5.117,1.154;0.551,1.611;9.055,3.148;4.159,4.786;4.332,1.942;5.269,7.036;3.645,0.871;4.937,0.639;1.593,9.345;
# 345:
>0:1.947,7.635;4.306,3.458;2.085,1.862;0.006,8.257;8.011,7.278;9.894,5.83;8.38,1.499;0.066,0.845;0.477,1.654;8.497,5.956;9.022,9.989;0.791,9.409;0.58,0.856;4.936,1.223;4.566,8.62;1.487,4.359;
# 346:
>0:1.046,1.462;5.179,8.033;9.552,7.796;4.743,7.576;7.404,2.481;5.429,7.701;2.354,2.012;4.113,9.951;9.016,3.586;3.199,1.418;6.965,2.265;2.796,6.115;1.929,8.461;2.932,3.481;4.044,7.419;
# 347:
>0:2.057,7.336;6.631,4.621;2.131,6.446;5.029,3.877;9.088,0.276;4.646,3.038;0.243,2.223;0.611,1.915;7.526,2.575;7.144,7.533;
# 348:
>0:0.038,1.888;7.266,3.956;5.786,5.031;1.609,2.136;1.272,9.651;
# 349:
>0:3.824,0.194;2.679,3.296;2.185,4.48;9.054,4.202;2.506,6.858;3.65,1.869;1.835,6.442;4.364,5.379;4.586,1.606;0.695,1.946;9.594,8.884;3.94,4.661;1.897,5.258;4.754,4.831;0.413,5.856;9.561,9.624;
# 350:
>0:9.487,0.399;5.388,9.455;0.753,3.558;3.756,5.914;2.182,5.868;
# 351:
>0:5.558,3.522;1.24,2.169;5.067,9.266;
# 352:
>0:8.009,5.644;1.938,9.101;2.313,0.819;3.02,4.426;0.231,2.956;6.044,9.062;5.486,0.442;9.322,5.99;1.062,3.743;5.585,0.349;7.887,9.203;1.463,1.199;3.851,2.542;1.782,9.303;1.318,1.469;6.466,5.438;
# 353:
>0:8.515,8.887;4.047,4.38;2.59,2.336;6.258,8.63;2.929,5.928;9.78,2.359;0.334,8.526;4.581,9.515;6.591,9.39;1.684,2.373;3.469,3.02;6.321,0.59;2.743,7.412;1.027,1.351;4.671,3.138;2.151,3.866;
# 354:
>0:4.349,2.521;1.768,1.434;8.157,9.83;1.59,1.096;8.05,9.347;8.406,6.401;6.101,1.006;6.824,7.141;8.514,4.692;6.579,0.181;9.935,6.293;5.144,1.126;6.913,2.413;8.892,9.884;
# 355:
>0:2.03,4.905;9.213,8.065;7.823,3.184;4.372,7.028;2.48,0.998;1.956,1.754;6.237,9.777;3.783,1.327;9.255,2.236;6.494,1.025;1.052,6.931;1.572,7.066;7.2,5.248;5.816,0.015;3.99,3.933;9.152,9.357;3.448,4.868;8.57,9.717;0.667,0.235;4.828,6.69;
# 356:
>0:7.553,3.161;1.119,0.394;1.462,6.196;1.618,6.458;2.296,0.188;
# 357:
>0:3.74,1.768;0.809,9.28;5.835,8.937;6.227,4.172;3.596,6.485;0.397,2.2;2.773,1.559;
# 358:
>0:9.671,9.776;6.048,1.453;6.895,3.216;4.246,5.346;1.461,4.059;6.154,2.462;8.838,5.684;0.531,8.285;9.283,9.902;0.166,1.601;6.379,5.867;
# 359:
>0:0.997,4.671;5.354,7.293;9.634,0.811;3.064,5.763;7.921,7.992;5.705,0.558;7.49,9.048;9.902,7.472;7.761,4.33;6.641,4.78;0.458,6.302;
# 360:
>0:9.744,3.589;8.986,7.301;6.713,1.227;7.749,0.355;4.42,7.034;2.869,0.946;0.892,4.397;8.409,0.243;2.999,5.436;0.272,2.052;7.447,0.124;1.512,2.201;8.843,0.923;7.94,2.049;9.334,5.195;2.943,9.753;9.614,1.041;4.299,3.266;4.49,9.48;2.787,9.351;
# 361:
>0:4.175,8.31;4.726,7.339;8.099,9.806;
# 362:
>0:6.687,0.319;4.394,0.662;5.566,2.46;4.293,8.87;7.871,5.56;7.339,6.149;7.086,3.803;8.03,0.758;4.39,2.851;8.514,8.658;4.662,1.696;1.62,0.21;0.879,2.837;6.506,2.49;7.115,4.936;4.235,8.157;
# 363:
>0:5.846,3.867;5.702,4.999;3.92,2.94;8.206,8.341;0.687,5.171;4.929,2.461;4.112,5.934;5.079,8.191;6.399,6.345;0.237,8.279;4.449,6.823;1.927,3.042;
# 364:
>0:3.979,6.704;9.669,8.07;1.648,8.497;0.842,9.587;2.536,8.089;1.586,3.502;8.197,2.499;2.861,3.95;6.509,3.631;9.913,1.765;5.916,9.892;4.114,7.419;2.085,0.54;5.278,3.68;0.347,9.967;
# 365:
>0:5.014,1.575;2.885,9.222;6.203,1.406;1.306,6.11;0.533,8.905;1.729,1.006;
# 366:
>0:5.649,1.876;0.776,5.873;0.228,4.906;1.806,4.891;0.291,5.392;9.35,7.347;0.397,8.001;7.479,9.61;
# 367:
>0:5.427,5.419;3.766,6.958;4.898,7.549;0.435,3.856;1.517,5.317;1.967,3.888;6.252,5.192;9.91,7.428;9.718,6.705;7.383,8.33;6.763,3.315;
# 368:
>0:3.783,2.03;8.166,7.006;1.225,6.948;4.845,1.685;5.911,3.094;1.245,9.255;0.764,6.385;0.16,4.017;1.057,7.886;7.639,4.645;1.78,8.135;
# 369:
>0:7.519,1.568;2.411,4.501;2.228,3.499;6.077,5.882;4.04,3.657;2.815,0.603;9.682,8.741;9.812,1.168;3.373,2.272;7.753,9.482;0.596,1.573;0.127,1.798;2.168,8.368;4.044,2.783;0.018,2.629;5.535,3.63;
# 370:
>0:4.414,9.806;4.834,9.367;0.436,7.818;0.638,0.592;3.169,1.539;7.407,3.11;9.134,2.77;9.018,4.586;7.069,6.73;
# 371:
>0:1.679,1.29;0.913,8.736;2.577,9.963;2.714,8.916;8.929,4.172;1.485,7.529;8.634,1.004;5.207,5.678;6.76,6.337;2.603,3.625;0.584,6.138;4.731,1.127;
# 372:
>0:2.795,1.635;4.84,1.741;0.547,9.484;0.427,4.351;
# 373:
>0:8.746,8.039;3.112,8.414;9.14,3.471;1.014,0.38;8.038,7.929;4.742,0.011;7.828,9.675;4.384,8.533;9.077,4.67;
# 374:
>0:0.529,2.241;7.092,7.674;4.639,5.923;1.884,8.83;3.73,4.912;3.781,0.494;3.458,1.538;0.462,1.455;6.975,7.376;4.6,2.499;1.901,9.173;5.514,4.862;1.073,6.186;5.249,8.129;
# 375:
>0:1.196,0.356;2.343,6.884;8.024,4.79;4.306,4.047;5.16,2.148;3.977,6.321;6.751,2.081;
# 376:
>0:3.291,2.431;0.246,5.124;5.354,0.591;7.304,1.86;5.728,7.444;9.649,7.019;3.252,7.622;7.965,4.187;8.809,0.758;
# 377:
>0:0.785,5.756;8.357,3.317;7.667,4.709;4.415,3.809;7.253,9.726;3.235,4.479;6.418,9.552;3.404,5.128;6.427,1.487;2.132,0.319;1.641,1.639;5.447,6.034;3.655,4.041;7.677,0.556;6.231,3.329;1.577,6.873;6.433,7.139;9.393,9.382;1.649,6.923;
# 378:
>0:2.506,3.693;5.587,7.502;5.18,6.928;1.783,8.177;
# 379:
>0:0.545,5.827;5.252,4.128;6.158,1.673;7.34,2.423;5.798,9.341;2.77,2.441;0.584,0.018;8.033,2.044;4.587,8.721;8.937,8.532;5.303,6.424;7.646,5.914;5.201,5.939;4.824,7.562;9.185,3.376;
# 380:
>0:9.295,1.537;3.236,3.343;6.796,9.896;9.579,0.952;4.761,5.027;3.55,3.523;9.26,0.842;3.765,5.219;5.856,7.083;1.251,9.761;9.347,2.219;5.71,4.53;6.317,2.137;6.525,8.068;6.897,6.955;9.038,2.224;7.222,1.425;7.935,1.096;
# 381:
>0:4.616,1.995;4.7,1.375;0.176,0.526;1.614,1.579;1.124,2.347;0.86,9.848;9.089,6.398;4.055,2.774;3.911,0.071;0.956,6.087;6.029,4.898;1.654,8.381;2.543,3.411;5.881,1.132;
# 382:
>0:6.164,3.314;0.383,4.116;0.297,8.678;2.309,7.185;2.788,8.796;0.929,2.165;3.532,2.104;6.814,4.425;8.519,5.625;0.658,3.284;5.196,7.974;0.953,9.289;
# 383:
>0:4.825,8.241;4.288,2.455;9.496,1.203;9.662,7.293;1.512,2.706;8.318,7.645;2.899,2.15;
# 384:
>0:5.343,5.462;0.336,7.587;1.543,8.18;4.908,2.909;
# 385:
>0:3.963,7.165;3.357,9.985;5.988,0.103;5.138,1.321;8.377,0.938;2.327,8.925;8.65,9.1;5.129,3.592;1.591,7.171;0.95,6.257;4.611,3.074;4.451,5.466;0.692,4.439;0.175,4.971;9.817,3.522;2.611,9.639;7.685,0.317;4.85,7.819;0.422,7.865;
# 386:
>0:7.065,9.902;
# 387:
>0:0.927,3.68;3.305,1.601;6.228,1.971;1.321,9.946;8.988,4.223;0.935,0.108;
# 388:
>0:6.474,1.215;2.138,4.937;1.044,4.717;9.426,2.232;6.478,5.017;6.282,5.197;3.091,1.087;4.232,1.22;0.528,4.139;0.61,9.696;3.998,1.708;0.148,6.57;4.455,4.722;8.919,5.831;8.168,9.193;
# 389:
>0:0.339,8.556;8.694,6.351;5.221,1.266;8.932,7.266;
# 390:
>0:1.336,2.36;4.687,5.356;6.066,5.667;1.29,8.236;4.345,9.04;7.76,9.351;1.293,5.738;3.603,5.731;4.361,2.31;7.088,2.41;4.942,7.849;3.365,6.202;
# 391:
>0:6.371,8.38;3.396,6.049;1.694,0.966;3.348,7.854;8.913,6.105;4.88,1.089;9.132,8.427;8.798,0.621;6.33,1.179;8.829,5.443;
# 392:
>0:1.809,5.932;4.82,5.703;2.857,8.727;7.48,3.641;0.952,5.744;3.203,3.535;4.574,4.851;0.96,4.286;1.671,0.916;
# 393:
>0:4.254,8.322;
# 394:
>0:7.513,3.172;2.675,3.301;7.367,6.759;9.186,1.529;
# 395:
>0:1.523,3.809;4.995,4.062;5.383,4.588;4.686,5.461;3.835,7.385;9.617,0.958;5.764,9.741;2.6,6.538;4.812,5.072;7.913,6.347;2.871,6.067;7.226,9.168;3.435,0.631;3.945,3.351;6.933,3.552;8.273,0.684;2.58,2.803;8.207,6.502;1.065,6.988;
# 396:
>0:3.893,5.536;
# 397:
>0:1.824,3.388;1.741,3.954;0.793,6.183;7.123,2.723;4.021,0.08;9.775,0.931;6.189,6.436;0.8,4.049;5.607,1.016;8.588,5.792;4.857,8.702;0.953,0.974;1.33,8.7;0.334,2.692;9.455,6.437;2.189,0.875;6.889,5.036;2.012,0.815;0.092,8.999;
# 398:
>0:7.034,4.651;
# 399:
>0:0.418,5.485;2.697,5.18;9.199,3.909;5.996,1.456;8.904,1.689;7.73,3.977;
# 400:
>0:2.025,8.723;7.351,3.087;2.542,7.014;1.083,7.105;8.16,7.466;6.604,3.383;9.008,8.372;7.985,0.353;0.415,3.641;
# 401:
>0:0.421,8.751;7.814,3.791;
# 402:
>0:0.354,1.904;5.431,7.517;5.964,0.59;6.812,0.493;0.521,9.546;1.622,6.042;7.655,3.654;0.182,2.411;
# 403:
>0:6.786,5.725;4.322,9.709;5.888,9.219;2.228,7.852;9.452,5.042;6.382,8.206;4.205,3.018;8.006,1.898;1.112,1.126;3.82,5.381;3.951,9.31;2.721,7.302;6.647,6.867;8.447,4.173;1.209,6.963;5.867,9.658;
# 404:
>0:6.452,2.301;0.156,5.615;2.514,0.343;2.9,6.974;9.524,2.627;7.028,3.119;6.584,1.431;1.072,8.738;9.771,1.574;4.178,4.62;0.94,4.377;0.571,1.621;2.055,8.3;0.383,8.467;5.848,0.133;6.611,2.153;5.085,7.618;2.228,8.12;2.16,9.757;8.973,9.798;
# 405:
>0:1.269,7.641;5.445,1.077;5.197,6.394;1.389,0.791;4.279,2.924;1.992,1.981;3.624,7.437;9.45,4.406;1.305,6.22;4.283,3.676;3.944,6.252;8.094,8.942;3.894,3.459;6.921,8.042;4.204,5.092;9.044,2.036;
# 406:
>0:7.661,0.8;3.413,9.098;7.012,8.698;4.475,9.88;5.88,2.129;0.647,1.884;2.061,8.622;3.42,3.61;
# 407:
>0:3.117,0.417;7.471,2.439;9.357,4.04;1.437,8.598;1.734,9.65;5.309,3.067;5.862,5.246;3.861,8.637;
# 408:
>0:1.502,1.889;6.873,2.205;5.833,4.359;2.2,1.407;9.613,7.273;6.167,4.651;9.397,9.269;6.922,8.844;5.567,5.167;3.376,6.329;1.44,3.202;1.147,6.888;3.789,7.127;0.014,8.785;5.536,8.11;9.078,3.876;2.8,8.901;2.074,0.723;
# 409:
>0:8.526,7.806;6.829,5.064;6.62,9.338;6.132,6.587;6.674,6.657;
# 410:
>0:4.832,9.652;0.881,2.83;4.72,3.661;1.71,9.252;2.227,3.738;2.078,9.752;6.092,0.876;0.603,1.99;2.284,1.559;
# 411:
>0:2.131,5.988;7.968,2.079;2.838,6.587;5.616,3.229;
# 412:
>0:3.18,9.975;9.824,7.061;8.101,2.167;8.883,8.721;
# 413:
>0:2.556,8.288;9.711,7.666;1.408,6.535;3.415,3.247;1.862,2.539;7.364,1.288;1.064,7.042;2.316,3.063;8.819,7.578;1.804,4.325;1.627,4.668;7.402,4.455;1.122,3.236;3.579,0.118;
# 414:
>0:1.227,7.792;0.495,5.179;3.631,5.711;6.042,7.091;2.11,1.07;7.266,2.168;2.654,1.486;7.215,6.711;2.691,9.127;
# 415:
>0:1.681,8.869;
# 416:
>0:7.165,9.736;9.795,4.27;9.518,5.037;3.227,5.657;3.548,8.043;0.613,2.457;1.677,0.859;0.835,6.083;6.975,6.559;4.851,5.682;7.732,2.724;3.368,7.486;8.392,9.301;9.353,4.757;6.922,8.072;
# 417:
>0:9.176,6.196;5.725,9.151;8.993,2.919;3.001,3.717;6.165,6.048;9.517,1.257;1.884,4.733;7.487,3.332;5.943,0.615;2.338,8.737;4.949,9.574;
# 418:
>0:9.304,9.834;6.495,2.969;9.646,3.263;1.831,1.712;9.54,6.958;4.834,9.866;2.031,3.537;1.334,5.394;7.289,0.041;1.335,8.548;
# 419:
>0:1.253,7.932;4.15,3.252;6.594,3.145;9.877,8.607;8.546,8.28;
# 420:
>0:5.233,1.205;2.849,1.327;1.641,9.625;9.116,8.439;3.424,2.708;5.79,7.499;6.267,7.861;3.11,8.262;4.91,2.753;
# 421:
>0:1.297,4.69;4.42,3.225;4.763,3.034;6.303,0.372;0.886,8.374;1.338,9.382;8.553,9.542;7.857,5.905;5.538,9.048;1.543,5.007;5.139,2.188;2.24,6.622;4.135,1.22;0.745,3.865;0.648,1.673;0.515,7.111;4.902,9.601;
# 422:
>0:0.246,0.761;6.185,2.231;8.712,4.423;6.935,2.2;0.486,8.797;9.537,9.738;1.293,2.949;7.261,2.002;0.734,8.91;3.261,4.879;4.647,3.362;1.16,2.287;3.407,5.321;9.033,8.888;1.359,3.769;3.926,4.777;7.048,3.381;8.257,1.004;
# 423:
>0:2.846,9.58;7.659,0.373;5.489,7.44;4.63,6.587;0.658,7.382;7.967,4.22;1.153,2.081;4.203,8.694;3.992,9.995;4.278,0.356;
# 424:
>0:1.542,0.5;0.447,2.256;5.136,3.679;7.55,1.248;5.444,6.835;4.455,8.502;8.946,0.096;9.214,9.059;6.286,9.484;7.432,2.399;0.611,7.258;3.193,3.283;5.318,3.075;
# 425:
>0:4.504,0.289;4.305,5.178;7.589,2.012;1.709,6.747;2.094,3.657;1.381,8.759;4.981,1.379;8.463,3.459;3.061,1.026;3.979,3.196;3.207,4.21;9.959,7.584;9.994,1.763;6.119,8.987;1.453,8.835;1.927,6.061;8.928,0.012;
# 426:
>0:6.894,7.569;1.594,3.59;1.297,9.572;5.479,4.129;
# 427:
>0:2.697,7.121;5.038,6.861;3.509,9.862;
# 428:
>0:6.829,4.911;7.852,0.672;1.944,3.864;0.252,7.677;4.873,1.948;9.475,0.219;1.846,9.442;3.668,4.547;6.205,9.144;9.066,6.727;8.909,3.807;3.084,0.058;2.285,0.622;2.782,5.998;7.566,4.672;9.93,9.921;
# 429:
>0:0.812,3.572;7.433,6.757;1.264,3.291;6.829,7.304;4.242,6.901;2.496,0.763;0.778,2.263;7.644,7.42;5.071,1.644;4.647,3.37;0.473,8.128;
# 430:
>0:5.744,7.61;3.193,6.076;9.421,3.552;3.672,7.316;6.834,5.954;3.475,2.805;0.29,2.282;4.559,1.447;9.074,3.47;3.786,8.138;0.307,2.642;
# 431:
>0:2.837,6.065;0.301,6.75;5.608,2.731;4.867,4.666;4.357,7.068;9.476,3.816;0.75,4.499;5.144,3.934;0.064,3.261;
# 432:
>0:3.382,2.667;3.126,3.979;3.199,1.408;1.872,8.965;3.082,6.516;3.775,0.2;3.237,0.292;3.546,0.878;2.699,6.676;7.774,7.808;3.919,1.553;
# 433:
>0:7.578,1.957;4.617,5.223;9.74,2.301;8.467,2.292;
# 434:
>0:7.065,3.529;7.889,9.204;1.558,8.286;5.607,2.805;3.743,7.535;1.966,8.408;7.891,4.838;8.457,5.775;7.5,1.662;7.778,3.645;3.554,0.784;
# 435:
>0:3.191,6.895;9.281,8.265;0.444,5.985;8.751,9.186;0.901,1.145;7.353,6.936;
# 436:
>0:4.237,2.082;7.273,1.419;8.09,9.423;7.835,2.07;1.776,0.129;8.262,8.667;1.501,4.394;7.179,2.735;8.374,9.396;6.742,7.439;5.583,7.225;
# 437:
>0:6.385,7.414;9.251,4.902;
# 438:
>0:7.84,9.567;2.071,8.962;6.686,9.584;
# 439:
>0:2.731,4.243;2.421,1.157;9.608,8.208;5.219,7.136;4.345,5.583;9.771,9.192;8.191,1.749;9.918,1.299;9.795,2.243;0.819,8.226;0.913,8.111;
# 440:
>0:8.305,5.8;3.204,6.468;9.688,4.712;4.389,9.91;9.186,2.95;4.616,6.531;0.147,3.602;9.824,2.474;8.293,0.656;3.28,0.174;4.278,6.003;3.817,7.873;6.234,8.856;7.996,0.975;8.535,3.073;9.008,5.576;6.894,9.361;8.61,9.637;
# 441:
>0:8.058,9.808;2.47,3.467;9.922,1.774;6.684,4.4;2.327,8.889;9.544,8.98;0.009,9.946;1.552,3.037;4.566,5.795;7.126,6.89;7.45,1.84;7.007,7.981;
# 442:
>0:0.66,6.733;6.995,1.905;2.753,8.494;6.861,9.769;6.414,5.616;9.971,8.001;4.984,7.059;0.451,4.065;3.099,2.56;2.772,1.472;3.881,0.267;9.784,1.427;8.244,4.795;
# 443:
>0:4.201,3.652;2.155,8.063;9.63,6.913;4.833,1.737;0.782,4.796;3.87,9.322;6.356,6.764;0.425,1.525;0.576,3.87;5.258,0.583;
# 444:
>0:5.867,2.782;7.768,6.619;9.151,0.575;9.12,0.974;4.43,7.775;9.464,0.783;6.731,2.199;9.819,8.395;7.59,4.709;
# 445:
>0:6.472,3.875;7.627,4.871;3.576,5.203;4.77,8.545;7.152,1.289;4.69,7.788;0.863,1.098;6.165,7.68;6.861,9.525;5.043,5.356;0.095,2.246;6.972,2.645;8.226,0.994;3.913,1.777;6.95,3.839;7.568,1.299;3.706,5.571;9.663,1.36;8.795,9.539;
# 446:
>0:9.295,7.832;
# 447:
>0:9.769,8.614;8.162,9.96;2.218,7.473;9.766,5.772;4.187,6.153;7.984,2.592;0.145,8.082;7.32,7.456;6.958,9.495;3.239,5.719;0.056,1.982;5.396,2.519;9.826,0.622;2.738,0.503;1.935,0.887;7.627,2.212;5.78,0.682;8.272,6.172;2.654,2.311;
# 448:
>0:0.341,0.094;
# 449:
>0:8.507,0.242;5.757,0.931;6.246,0.493;9.804,8.429;6.6,7.708;0.204,1.801;0.7,9.262;
# 450:
>0:5.654,9.814;8.878,0.335;4.332,7.566;9.136,8.129;4.16,3.634;6.692,9.15;6.902,1.563;8.508,4.086;4.456,2.116;2.198,0.279;
# 451:
>0:8.618,6.374;1.982,3.934;3.748,7.725;8.031,9.546;1.779,2.454;7.336,7.495;0.578,0.117;1.647,5.902;5.413,8.429;3.851,4.184;4.578,1.101;4.425,3.999;9.038,8.712;5.343,9.103;0.611,7.753;5.655,6.242;3.674,6.345;0.344,0.977;
# 452:
>0:7.355,8.678;2.405,7.045;9.228,3.029;4.144,2.092;1.039,8.782;6.986,1.514;4.988,2.868;0.698,4.613;9.632,1.185;1.174,8.268;3.37,0.865;7.407,6.273;4.167,8.627;3.204,3.829;4.655,5.255;8.968,9.337;1.854,8.007;0.336,6.943;
# 453:
>0:8.478,7.519;8.848,2.09;9.336,5.128;6.729,8.525;2.861,9.374;7.212,1.683;2.027,1.684;4.634,0.022;4.214,6.579;9.118,0.147;5.073,5.796;5.52,0.325;2.439,6.412;8.242,2.328;0.064,6.89;
# 454:
>0:9.674,1.65;9.581,4.232;9.434,3.637;6.305,5.183;1.674,1.518;6.528,1.368;0.669,9.498;9.919,2.234;5.123,9.473;5.19,5.259;4.564,6.49;6.506,3.292;9.164,7.712;2.378,2.868;
# 455:
>0:2.88,1.368;3.536,7.71;5.389,2.661;3.957,5.488;8.668,7.643;3.926,1.004;3.51,9.281;6.151,9.632;
# 456:
>0:1.563,6.794;2.671,5.401;0.448,2.246;1.279,1.143;4.964,1.177;1.718,8.485;3.779,0.226;9.715,4.716;5.867,2.3;1.467,6.473;3.761,8.983;8.664,3.755;7.251,5.9;6.792,5.64;0.828,5.515;
# 457:
>0:9.628,7.201;8.638,4.324;0.688,9.031;4.203,6.287;4.104,1.572;8.84,3.135;3.884,0.051;2.229,9.424;8.954,6.368;3.258,7.127;0.373,5.685;5.439,0.95;2.648,7.997;8.089,4.945;
# 458:
>0:3.23,3.642;6.018,4.876;6.714,6.178;6.079,9.368;4.688,2.169;4.644,8.15;2.571,1.254;7.724,3.731;5.787,1.492;2.971,3.312;9.492,6.72;8.725,4.814;6.751,6.247;8.158,1.052;3.694,0.511;2.005,3.327;2.351,1.198;8.494,0.873;0.293,7.067;
# 459:
>0:9.174,4.617;2.962,3.982;7.535,0.385;0.297,2.507;5.877,2.441;2.512,5.784;8.679,8.868;2.48,0.858;8.44,7.465;8.5,2.881;1.343,8.967;
# 460:
>0:1.629,2.283;1.583,3.504;8.616,5.05;7.242,0.675;
# 461:
>0:8.693,7.202;1.904,2.318;9.887,2.667;0.504,4.323;8.326,4.074;1.964,7.924;
# 462:
>0:8.158,2.451;5.287,9.247;0.698,7.071;2.534,3.707;8.78,9.29;2.759,9.227;3.959,9.874;0.081,6.223;8.569,4.662;5.748,0.985;
# 463:
>0:9.493,4.928;9.93,8.542;3.036,5.758;0.062,9.426;1.22,1.396;9.69,0.351;9.38,4.993;0.757,5.009;1.745,8.559;2.456,4.817;8.47,8.938;8.808,4.974;1.83,7.508;1.66,2.744;2.596,8.418;9.666,5.818;4.096,7.024;6.093,8.336;
# 464:
>0:5.011,9.019;
# 465:
>0:5.64,2.478;0.214,7.796;3.637,3.88;
# 466:
>0:2.283,9.629;6.425,6.962;7.108,2.046;4.381,9.532;1.142,0.171;1.351,5.625;7.138,9.511;5.018,5.767;9.637,7.526;9.696,7.403;9.474,9.863;
# 467:
>0:7.959,3.364;3.855,3.351;1.663,7.571;
# 468:
>0:5.698,5.032;
# 469:
>0:0.849,1.173;7.298,0.749;8.11,4.612;5.788,8.207;8.686,6.484;4.302,6.931;1.003,9.393;2.09,0.863;6.908,0.757;3.153,0.207;
# 470:
>0:7.826,6.501;9.43,4.249;6.754,3.163;3.07,9.845;9.175,6.045;
# 471:
>0:3.111,3.705;6.093,0.826;0.623,1.082;6.59,6.487;2.361,8.521;0.202,7.01;4.457,0.69;7.688,7.827;6.761,6.657;0.405,8.732;0.301,2.163;8.606,3.755;0.445,8.601;
# 472:
>0:6.187,7.092;1.533,9.559;9.252,5.781;9.52,6.042;1.958,5.656;
# 473:
>0:1.187,2.026;6.127,2.563;2.545,3.924;5.503,7.63;9.044,3.778;2.061,7.103;6.435,6.446;5.123,4.804;7.843,2.271;0.163,7.367;7.028,5.014;4.279,8.949;9.361,0.58;
# 474:
>0:2.692,6.641;3.902,1.042;3.941,7.407;7.045,1.906;5.925,0.99;
# 475:
>0:5.803,7.539;4.633,3.61;7.595,9.871;7.945,5.941;7.606,3.729;0.725,4.429;0.043,0.794;3.793,2.332;0.689,4.13;4.512,3.587;8.011,0.942;
# 476:
>0:0.719,8.677;7.699,9.488;4.367,5.309;6.825,9.487;4.961,6.366;0.311,5.282;6.836,8.695;1.82,4.464;7.89,7.568;
# 477:
>0:7.493,7.959;3.786,8.487;0.649,3.025;
# 478:
>0:4.321,0.599;2.41,4.917;7.368,4.593;2.763,4.931;9.902,7.81;3.938,4.547;0.706,6.915;0.046,1.756;4.577,9.679;9.026,6.579;8.287,4.257;1.325,8.909;5.177,5.994;6.885,4.055;4.992,4.351;5.659,5.275;7.901,2.811;8.625,9.714;1.141,2.947;5.638,9.011;
# 479:
>0:2.433,3.602;6.067,9.625;8.673,4.384;
# 480:
>0:9.103,7.859;9.196,1.296;3.253,4.125;3.411,4.309;8.49,5.006;3.612,0.295;4.824,5.814;
# 481:
>0:3.313,3.581;2.514,6.307;8.965,1.739;3.41,1.078;4.992,2.788;2.855,2.59;7.447,6.307;5.601,3.356;9.761,0.614;3.844,5.453;4.069,0.44;0.448,0.55;0.157,1.808;
# 482:
>0:5.312,7.07;7.204,3.1;6.046,0.005;9.8,5.12;8.584,6.078;0.331,3.925;2.524,1.986;0.504,2.647;5.578,8.821;5.001,3.237;9.9,9.374;8.788,2.33;5.375,4.57;7.642,8.125;6.826,5.415;6.423,7.426;3.091,7.38;7.662,6.054;9.74,5.458;
# 483:
>0:0.484,5.748;5.918,8.905;9.677,7.315;1.875,5.83;2.129,1.649;5.865,9.774;7.065,4.951;
# 484:
>0:8.339,0.978;7.229,5.402;0.984,2.066;0.456,2.918;4.682,2.663;3.11,4.216;
# 485:
>0:1.878,2.731;3.707,9.326;7.147,4.057;5.797,2.741;5.315,4.916;8.122,2.507;
# 486:
>0:4.378,8.354;1.149,6.966;
# 487:
>0:9.195,0.234;8.751,5.481;0.594,8.738;1.374,0.607;2.194,1.196;7.565,2.847;0.77,6.174;3.463,6.337;3.467,8.248;8.037,7.409;0.495,4.188;0.414,6.243;1.738,6.898;7.944,5.409;3.224,0.76;5.746,5.462;6.198,6.056;
# 488:
>0:6.769,8.379;1.287,8.624;1.636,7.466;6.835,9.597;4.531,1.903;1.295,9.419;8.234,8.927;2.096,8.142;7.843,3.415;6.446,1.311;3.553,8.817;8.926,0.662;9.558,2.165;7.24,2.43;3.531,6.409;
# 489:
>0:6.875,2.114;5.616,3.442;6.215,0.602;7.228,6.868;8.094,7.399;8.052,7.692;3.251,2.099;7.778,1.147;7.438,0.177;9.113,2.311;4.214,2.026;5.235,8.364;4.202,2.007;2.379,2.92;9.452,9.658;
# 490:
>0:9.217,6.29;6.373,9.912;6.953,2.897;2.72,3.755;6.432,7.654;3.8,0.307;9.772,2.629;8.868,4.627;4.052,2.658;1.273,8.883;8.86,6.37;8.037,4.506;3.733,1.883;7.409,6.277;0.231,6.758;
# 491:
>0:0.423,5.64;6.156,3.864;0.298,2.65;3.325,4.203;1.524,4.874;3.15,3.66;8.352,1.484;8.789,4.515;4.984,7.182;3.165,0.362;0.088,7.059;0.156,0.455;3.326,9.685;3.228,5.451;0.134,2.58;
# 492:
>0:3.569,5.576;6.623,6.776;6.398,6.201;2.883,3.294;0.986,0.509;6.143,4.003;4.476,1.268;0.631,9.087;4.057,5.424;7.766,8.754;
# 493:
>0:6.724,0.792;9.802,2.517;9.745,3.417;5.818,8.592;6.578,0.158;9.197,2.157;6.089,9.847;
# 494:
>0:0.136,5.257;4.026,7.254;7.044,5.582;0.258,3.053;1.484,9.31;6.702,7.674;9.732,6.087;2.476,9.591;4.724,4.316;4.609,1.359;6.325,2.436;8.055,5.111;9.108,1.373;
# 495:
>0:4.543,2.307;3.104,4.228;0.993,2.23;1.284,7.863;3.691,4.345;9.18,9.442;8.229,4.897;2.353,1.171;1.037,8.323;
# 496:
>0:7.604,8.509;8.768,1.969;9.664,9.732;4.432,3.842;9.943,0.513;4.941,2.452;9.86,6.81;2.878,0.531;5.062,9.059;9.968,6.686;6.593,8.881;9.563,8.563;7.726,5.767;6.006,1.015;2.045,4.42;0.808,4.53;0.859,7.498;6.63,1.833;5.484,6.07;
# 497:
>0:3.999,7.352;
# 498:
>0:8.126,1.285;0.11,5.61;8.844,6.177;4.662,9.298;2.454,8.94;0.414,1.666;8.593,7.201;1.636,8.424;2.342,1.515;9.86,5.707;0.158,6.201;6.471,0.053;8.12,1.946;1.651,1.057;7.613,2.433;8.429,6.86;2.738,9.543;1.776,5.534;9.223,1.553;
# 499:
>0:7.67,2.391;0.105,7.027;8.602,8.709;6.965,9.328;9.903,0.389;5.259,7.337;7.418,9.492;8.758,3.847;7.547,7.396;7.618,8.127;1.068,6.87;5.139,3.272;5.036,0.733;2.85,2.78;6.233,2.621;0.026,4.614;3.252,3.098;3.23,6.745;
# 500:
>0:5.796,9.701;2.12,3.509;7.06,1.522;3.137,6.693;8.53,5.243;2.937,1.603;6.599,2.918;8.534,6.224;0.01,5.105;
# 501:
>0:4.711,2.439;5.835,0.819;
# 502:
>0:5.546,9.677;8.328,8.472;5.761,8.328;1.705,5.774;0.468,1.604;5.686,1.52;6.449,8.59;2.172,9.969;4.042,1.564;5.8,0.517;8.362,2.407;2.27,8.406;7.265,4.502;2.053,4.428;7.147,4.523;7.306,0.208;7.881,2.267;
# 503:
>0:2.936,7.286;5.486,8.813;
# 504:
>0:6.359,9.247;2.824,1.114;0.192,8.942;3.836,4.841;5.468,0.554;5.294,8.089;3.81,0.048;
# 505:
>0:3.497,8.071;3.607,2.916;3.025,8.517;0.055,5.769;2.748,4.184;2.569,8.64;2.135,5.877;5.002,8.936;4.555,4.426;1.498,0.409;7.035,7.472;3.194,3.84;5.245,5.142;4.091,1.325;6.699,9.964;9.547,9.471;6.697,3.291;
# 506:
>0:8.263,0.96;1.988,9.833;3.48,4.26;9.19,9.385;3.154,1.142;0.172,3.725;7.98,3.991;5.345,6.384;1.52,2.916;8.024,2.178;7.659,0.265;5.839,2.639;0.38,2.584;0.235,7.719;8.849,2.664;0.72,7.134;1.968,1.697;2.135,9.55;
# 507:
>0:9.077,1.603;1.966,7.105;5.178,3.072;
# 508:
>0:7.569,7.521;9.936,8.887;8.188,3.266;6.568,6.66;7.039,0.345;3.957,9.871;4.154,4.034;1.935,2.327;
# 509:
>0:6.136,0.593;5.89,2.568;5.065,3.144;1.705,7.303;3.592,6.027;5.326,9.728;
# 510:
>0:1.413,4.048;3.236,5.133;5.917,4.973;2.925,9.409;9.79,1.035;8.699,3.891;5.583,7.065;0.966,0.572;5.832,3.031;4.023,0.443;8.447,6.776;9.945,9.035;6.776,8.796;8.807,4.928;1.318,2.045;8.482,9.325;2.198,9.812;0.634,4.73;9.022,4.824;
# 511:
>0:9.374,4.123;0.358,7.843;7.14,8.923;4.58,2.92;0.775,4.842;9.708,3.881;3.828,8.026;4.486,8.122;4.981,2.252;2.215,7.334;5.771,5.666;6.978,7.941;3.168,3.177;1.555,3.427;0.682,5.816;1.205,2.152;0.424,1.586;9.094,4.993;8.577,3.513;
# 512:
>0:4.458,4.357;4.862,3.683;7.18,9.255;5.371,3.267;5.208,4.608;7.049,5.69;3.635,0.323;6.155,5.211;
# 513:
>0:4.216,4.227;6.88,0.071;9.371,9.454;
# 514:
>0:6.377,3.313;5.704,8.302;9.866,3.586;5.344,1.62;4.903,7.341;0.957,8.572;7.421,0.524;5.307,1.974;3.585,8.769;2.033,9.721;5.966,8.607;6.031,0.598;8.664,2.6;3.652,8.524;6.562,3.35;5.393,1.712;4.772,2.021;
# 515:
>0:2.449,0.291;5.406,8.87;
# 516:
>0:7.558,5.199;9.719,9.12;8.273,7.608;8.633,5.391;8.007,4.319;8.11,3.081;0.7,7.072;9.405,4.268;0.519,3.408;4.553,0.512;8.393,0.725;6.556,9.889;0.052,3.716;7.494,8.219;5.16,8.628;9.67,2.097;2.255,0.027;4.697,6.896;6.187,8.636;
# 517:
>0:7.68,2.039;1.116,2.385;0.059,1.761;5.759,8.255;2.222,9.496;9.995,2.255;7.32,9.193;7.182,5.589;1.258,7.944;0.005,2.745;0.556,1.616;4.614,0.168;4.714,2.884;
# 518:
>0:5.989,8.241;5.222,0.205;0.814,7.323;2.039,6.461;0.421,5.387;5.118,8.983;7.438,7.752;1.592,8.272;7.329,8.7;2.431,4.917;
# 519:
>0:6.915,1.588;8.852,3.414;9.166,5.729;0.586,8.882;0.365,5.751;8.92,0.614;4.809,7.166;4.264,1.486;
# 520:
>0:0.961,9.77;9.769,5.737;
# 521:
>0:8.014,0.705;6.386,7.386;5.687,5.857;2.464,3.738;4.511,1.276;0.36,0.394;6.791,0.83;0.993,9.513;3.391,1.78;6.102,2.999;6.043,9.022;0.299,9.772;3.774,8.782;6.251,6.11;
# 522:
>0:0.704,1.774;
# 523:
>0:8.636,5.149;3.415,6.887;4.931,2.352;8.984,9.749;8.882,3.305;6.522,0.147;4.303,5.834;4.834,5.116;5.319,0.076;2.562,5.211;9.758,8.177;7.248,2.327;7.783,9.103;6.22,8.823;8.981,9.696;3.535,5.622;1.451,9.272;
# 524:
>0:6.776,8.063;7.959,1.469;2.284,9.063;1.195,1.423;5.744,0.103;0.538,3.977;5.459,4.674;1.818,6.509;0.856,1.971;5.365,4.04;4.087,3.229;7.606,7.429;0.589,8.809;4.147,7.941;7.239,9.296;4.601,4.824;7.193,3.74;6.034,4.485;9.57,6.185;
# 525:
>0:9.009,1.086;
# 526:
>0:8.044,1.545;6.902,2.68;4.042,3.094;8.406,5.771;4.244,3.618;7.101,5.367;3.996,9.279;2.029,1.977;4.857,2.277;6.869,6.687;7.274,7.769;4.618,2.007;6.195,2.155;
# 527:
>0:6.616,0.376;1.507,7.242;4.791,3.077;9.548,4.249;9.802,7.565;3.444,9.562;3.764,4.298;2.251,6.703;4.346,9.257;2.901,4.962;
# 528:
>0:5.005,8.391;4.792,0.838;0.413,9.673;6.563,0.875;7.367,8.792;9.083,2.001;3.701,2.66;0.981,1.062;4.479,4.114;4.915,0.639;4.035,3.267;3.684,4.963;0.861,3.775;9.526,1.195;
# 529:
>0:3.792,3.37;1.223,8.599;
# 530:
>0:4.934,2.904;
# 531:
>0:5.333,9.704;5.598,7.222;1.424,9.606;1.268,0.134;2.42,3.852;9.238,2.842;5.126,8.248;4.923,1.308;6.19,7.773;3.545,0.201;1.469,0.768;6.21,2.262;7.472,2.392;1.74,5.839;4.991,4.794;0.789,6.621;1.431,9.566;3.662,1.712;5.323,7.93;
# 532:
>0:2.962,3.354;8.411,3.34;2.76,5.018;5.73,6.095;
# 533:
>0:8.33,9.128;
# 534:
>0:4.8,6.686;8.782,6.701;7.689,6.887;5.577,0.349;
# 535:
>0:9.309,4.29;9.554,0.049;3.508,7.246;6.951,9.309;0.02,0.765;8.911,1.025;7.588,2.815;0.275,4.008;7.192,3.478;1.361,6.577;4.982,0.757;6.961,1.898;9.014,0.987;7.033,0.964;3.724,8.769;8.118,4.204;9.368,8.139;5.031,0.411;7.246,3.737;6.657,6.803;
# 536:
>0:4.333,7.831;6.609,5.985;4.492,5.797;4.445,4.329;5.017,9.877;2.894,3.532;7.248,7.16;0.235,9.599;1.088,2.965;0.065,5.673;0.224,4.332;0.967,0.241;0.345,3.942;5.711,5.781;9.917,2.476;5.789,3.582;
# 537:
>0:5.614,3.488;1.985,8.421;
# 538:
>0:3.795,9.221;1.233,9.529;7.33,8.68;1.975,1.217;7.839,1.266;4.118,4.735;1.018,1.154;7.329,5.311;
# 539:
>0:6.366,3.481;5.815,7.148;4.712,6.986;4.205,5.405;3.524,6.99;4.924,2.013;8.264,6.18;7.584,0.586;0.801,9.681;0.527,5.277;6.274,3.851;8.399,4.354;8.78,5.934;9.947,0.622;
# 540:
>0:8.594,0.192;0.496,4.389;0.505,9.372;1.967,1.108;7.523,3.739;3.762,9.344;3.259,1.952;9.605,2.69;8.713,5.193;2.002,7.684;9.519,4.03;
# 541:
>0:1.701,3.056;0.189,7.076;7.917,0.887;4.4,3.031;4.058,3.678;8.275,1.825;6.783,6.772;9.381,1.311;1.895,9.342;2.093,4.322;2.159,2.641;1.838,9.46;4.399,1.885;8.114,0.01;8.556,7.184;5.265,4.885;6.601,3.598;
# 542:
>0:6.056,6.371;4.607,9.107;1.776,0.677;8.395,7.0;9.765,4.897;7.121,8.319;1.847,7.731;5.863,7.649;
# 543:
>0:5.117,4.688;9.037,3.155;3.165,7.348;0.935,1.752;5.188,4.537;6.388,9.673;1.545,8.785;9.296,8.739;2.654,6.349;2.941,5.268;2.763,5.147;
# 544:
>0:6.496,5.976;1.989,4.233;1.637,6.629;5.453,0.621;8.707,2.816;9.423,2.314;2.133,2.742;
# 545:
>0:0.785,1.654;2.964,8.313;7.755,6.497;0.728,7.412;0.011,7.769;0.681,4.24;2.062,9.529;3.808,4.395;4.107,4.297;9.799,0.815;5.834,7.977;
# 546:
>0:0.222,5.368;0.898,1.387;1.744,1.413;3.145,9.212;6.631,1.306;3.465,4.774;8.374,5.511;9.309,8.812;1.394,1.269;
# 547:
>0:7.022,3.04;3.405,2.527;9.23,0.566;7.01,7.209;4.358,2.371;4.654,0.76;8.09,1.425;4.04,0.303;5.019,5.561;6.061,1.317;9.524,5.376;
# 548:
>0:9.533,6.416;8.822,7.608;4.745,5.317;0.165,6.24;8.52,8.744;8.532,1.092;5.885,2.268;6.424,8.707;8.417,9.623;
# 549:
>0:2.164,1.604;2.053,4.385;4.715,1.286;1.074,9.2;5.456,1.725;1.821,5.222;4.427,5.314;8.795,2.62;2.491,4.415;2.726,5.013;6.363,2.405;3.959,7.241;6.053,7.37;
# 550:
>0:5.533,3.476;8.422,3.515;2.014,8.785;3.106,3.9;5.599,2.183;1.548,7.487;8.242,2.487;2.227,3.628;
# 551:
>0:7.879,8.565;
# 552:
>0:1.387,2.207;1.511,7.293;7.106,1.536;1.005,6.016;5.824,6.597;9.983,3.229;2.033,1.12;2.055,1.684;0.395,3.832;7.883,4.594;5.796,2.44;3.32,4.221;7.814,7.636;8.633,8.028;3.576,0.851;5.123,5.385;5.855,3.101;
# 553:
>0:9.597,2.509;5.937,8.741;0.339,5.924;3.731,2.142;4.775,5.291;1.306,3.299;7.065,5.894;3.685,9.28;6.0,9.724;6.048,3.533;6.421,7.476;9.295,8.901;7.187,4.03;0.189,5.999;1.366,7.176;
# 554:
>0:2.341,5.847;2.97,6.57;5.965,1.841;6.839,1.414;7.949,5.922;8.598,8.394;8.228,1.23;1.861,9.247;7.614,7.025;9.163,1.112;0.888,1.556;7.2,2.389;
# 555:
>0:0.262,3.275;3.296,9.509;4.344,6.46;1.032,3.134;3.319,8.275;4.055,1.8;6.965,4.495;1.131,0.047;2.454,2.956;6.137,2.874;7.579,8.585;5.25,9.98;0.538,2.851;7.957,2.344;
# 556:
>0:6.012,4.028;1.313,2.95;4.874,9.515;5.72,2.707;5.353,5.785;2.202,2.647;4.957,0.918;5.411,6.178;5.895,1.752;5.097,1.61;5.102,9.663;8.839,8.559;6.562,2.576;3.783,4.972;5.151,5.713;6.508,3.521;9.169,6.775;
# 557:
>0:8.7,6.903;4.768,0.603;1.831,3.999;5.662,7.07;8.421,8.547;
# 558:
>0:9.662,0.941;5.687,2.591;2.114,6.194;5.552,5.211;9.821,1.201;8.485,4.093;9.293,1.179;
# 559:
>0:5.063,4.193;7.539,4.991;4.24,3.911;3.131,1.302;4.88,0.539;5.774,4.499;2.631,7.862;9.616,4.115;5.985,0.743;6.368,9.276;1.211,0.786;6.731,0.273;0.741,2.061;6.955,4.017;
# 560:
>0:2.37,2.593;6.114,7.936;6.184,5.774;4.861,5.705;8.854,3.542;0.831,3.857;9.498,2.172;9.485,8.4;3.949,0.702;8.845,7.816;9.951,6.491;
# 561:
>0:6.524,3.886;6.928,9.328;1.018,4.465;4.171,0.655;8.964,3.834;2.107,3.899;8.698,1.509;6.367,5.442;0.197,4.066;8.374,1.292;8.404,2.208;8.094,0.397;3.255,1.577;5.01,4.776;9.53,8.415;9.839,7.665;3.15,7.008;9.114,1.874;
# 562:
>0:5.266,0.66;5.655,0.86;4.891,0.778;
# 563:
>0:5.466,0.519;9.832,4.824;9.442,5.939;9.749,1.795;7.737,1.863;5.813,1.694;3.641,1.243;8.563,5.229;7.665,9.243;1.551,1.502;6.536,0.132;8.136,5.26;0.054,0.375;0.285,6.825;2.359,4.348;4.168,9.971;7.762,4.885;2.488,6.476;
# 564:
>0:1.425,6.223;5.365,4.982;9.329,8.678;5.683,3.609;1.274,7.677;7.819,6.643;3.168,7.485;
# 565:
>0:4.353,3.637;4.308,2.701;0.775,7.291;6.061,9.001;6.402,1.236;0.16,6.968;1.677,7.077;8.803,2.16;2.89,3.501;4.223,0.894;8.946,8.194;0.923,3.234;6.977,5.889;
# 566:
>0:0.938,2.807;4.727,6.629;8.071,2.431;2.693,2.649;9.997,3.686;8.096,4.065;9.287,8.698;2.914,9.106;9.949,5.088;0.556,9.66;2.269,6.792;9.969,8.854;2.783,6.655;6.344,0.245;9.643,7.174;5.379,0.433;9.874,5.951;0.4,6.606;0.663,4.342;0.118,2.585;
# 567:
>0:7.903,5.738;7.977,6.608;2.191,6.15;2.751,4.798;8.023,9.523;4.343,3.042;8.154,5.771;8.805,0.993;8.24,0.071;1.846,2.939;1.551,7.321;0.192,9.712;7.811,3.845;8.557,2.116;4.805,1.422;8.271,6.678;
# 568:
>0:5.629,9.861;
# 569:
>0:1.434,4.237;9.778,4.438;9.517,6.529;7.209,0.505;8.404,9.014;0.145,5.366;0.503,6.924;5.291,0.227;9.651,0.228;4.051,0.723;3.377,7.504;7.174,5.007;6.943,3.569;2.809,4.385;
# 570:
>0:9.322,0.714;
# 571:
>0:3.929,5.187;3.106,0.995;6.975,1.768;1.953,5.998;7.715,4.336;0.257,0.991;9.096,8.883;6.964,2.181;8.869,3.658;
# 572:
>0:0.683,9.468;2.607,2.706;3.201,0.6;7.329,7.033;
# 573:
>0:9.563,0.572;4.228,6.576;0.076,4.187;3.192,6.435;3.697,3.271;2.563,9.082;6.683,7.757;0.749,4.349;9.113,1.706;7.321,9.95;8.012,1.06;7.523,5.382;4.777,9.562;8.139,8.582;
# 574:
>0:6.608,6.281;5.631,7.723;5.532,0.798;5.228,9.502;2.818,0.677;8.983,6.836;9.31,8.357;7.28,2.717;6.361,3.777;4.1,6.422;8.39,2.171;5.622,4.339;0.503,2.294;8.459,0.452;5.053,7.489;2.15,4.795;0.909,3.873;7.148,3.751;8.947,1.539;7.089,7.859;
# 575:
>0:9.239,0.94;7.087,7.789;6.501,1.762;1.434,0.991;6.418,3.17;7.742,5.961;5.095,5.139;
# 576:
>0:9.197,1.903;1.476,2.218;7.3,3.763;3.636,8.067;6.198,6.246;3.538,2.931;
# 577:
>0:0.488,6.153;6.665,2.743;4.762,9.727;5.162,6.135;0.218,8.159;8.428,7.561;5.882,8.529;4.808,0.877;8.829,6.405;4.796,3.403;0.244,8.762;1.75,7.316;
# 578:
>0:6.175,1.174;3.103,8.38;6.261,3.979;2.771,0.819;0.729,0.907;3.285,4.691;8.422,3.381;5.106,9.19;0.528,0.369;8.743,6.936;0.563,0.482;9.184,4.049;8.808,5.489;9.432,1.755;0.825,6.634;6.659,4.623;2.762,4.486;5.95,5.87;
# 579:
>0:3.017,3.258;4.437,8.816;2.597,4.808;2.708,2.416;5.322,0.686;4.286,1.6;0.969,9.413;7.985,6.381;2.669,6.206;5.918,2.034;5.666,5.651;0.713,9.185;5.042,2.405;7.948,6.958;2.097,0.641;6.946,3.07;0.423,9.044;6.7,1.622;4.871,3.488;
# 580:
>0:2.48,1.312;7.095,6.63;5.051,4.486;2.474,1.099;7.437,0.318;
# 581:
>0:6.1,2.625;
# 582:
>0:5.913,7.634;7.56,4.788;5.903,8.35;2.98,6.39;0.784,4.505;
# 583:
>0:4.924,4.107;6.667,9.493;1.29,5.629;6.497,6.32;4.361,4.333;9.527,6.181;
# 584:
>0:3.151,6.438;7.92,9.787;
# 585:
>0:6.765,9.034;0.171,9.281;7.998,9.254;3.572,7.982;6.843,0.26;9.443,2.13;0.731,3.874;5.961,0.327;3.559,5.971;5.879,6.718;9.096,1.422;4.036,1.11;2.185,1.019;
# 586:
>0:1.001,7.46;3.556,3.776;8.331,6.912;5.964,8.934;
# 587:
>0:7.999,4.417;1.689,7.431;1.474,3.804;9.366,8.572;0.989,9.31;4.459,7.909;2.395,4.999;8.126,9.003;1.935,2.679;0.586,5.642;2.976,6.684;7.393,3.883;2.742,7.928;5.059,0.605;8.375,8.385;4.708,9.466;
# 588:
>0:4.534,5.944;0.783,9.87;4.938,7.547;8.407,8.63;2.023,8.027;2.2,5.966;7.213,8.249;0.469,3.054;0.417,4.918;1.951,8.923;1.961,7.449;9.732,5.194;7.251,0.275;5.117,5.711;9.599,5.958;7.479,3.81;7.564,8.981;7.622,5.562;1.58,2.559;1.718,6.545;
# 589:
>0:4.861,2.57;4.22,5.956;6.424,6.433;7.554,5.975;6.472,4.359;9.875,4.023;0.255,8.73;3.224,2.269;6.757,4.112;7.563,2.162;2.264,8.838;
# 590:
>0:0.221,5.137;3.949,7.319;0.512,9.029;1.867,7.081;6.294,9.681;3.518,4.582;7.341,4.395;4.491,5.928;8.763,6.089;6.501,8.311;1.249,5.335;7.434,3.721;7.905,9.449;8.719,5.574;3.501,0.469;8.241,7.824;7.575,9.292;
# 591:
>0:4.371,0.737;4.325,5.009;5.176,5.412;1.826,6.211;4.932,0.089;4.245,6.134;6.735,8.751;0.536,6.043;7.076,3.636;8.087,6.816;1.699,7.245;7.27,9.867;1.552,1.722;7.766,2.578;8.589,7.744;2.864,8.403;9.421,4.872;8.719,0.315;
# 592:
>0:5.481,9.032;
# 593:
>0:0.963,9.892;2.74,1.097;2.563,6.662;0.956,8.824;4.599,0.399;5.801,2.66;7.472,3.997;5.992,5.455;2.953,8.583;0.234,1.533;1.475,5.276;0.237,1.794;6.55,7.768;3.286,1.073;7.6,3.419;9.562,8.597;9.966,5.918;6.616,7.995;1.493,6.718;2.342,2.765;
# 594:
>0:6.428,6.558;8.814,5.162;1.923,2.356;1.692,0.861;8.959,6.475;8.066,4.447;4.811,7.564;4.611,4.789;0.995,9.087;3.93,5.155;9.7,7.908;
# 595:
>0:4.801,4.23;4.004,6.311;5.592,9.908;7.306,3.342;1.895,0.693;6.506,4.046;7.936,1.415;8.575,3.052;2.981,2.467;4.308,8.576;
# 596:
>0:6.318,1.655;7.438,9.009;8.072,2.205;3.051,1.536;4.412,7.043;6.441,0.052;7.529,7.109;2.181,5.445;0.308,5.066;2.106,7.844;5.091,0.214;0.837,8.186;5.411,2.221;7.113,7.359;3.84,0.78;2.588,1.717;9.592,8.803;8.103,2.27;6.863,4.203;
# 597:
>0:2.986,6.806;9.604,9.363;2.137,5.585;4.875,1.524;7.236,5.895;2.199,4.471;3.649,9.261;9.303,5.568;3.417,9.129;1.836,4.451;7.218,7.049;3.494,2.479;3.27,5.478;6.07,2.56;1.343,0.289;0.049,1.362;3.536,4.953;
# 598:
>0:8.202,3.763;5.115,9.524;2.594,3.531;8.218,8.888;3.025,5.857;0.38,5.17;7.556,4.719;6.993,3.677;7.303,4.616;9.592,7.021;4.081,4.469;5.622,9.078;
# 599:
>0:9.388,6.153;1.4,4.583;9.482,4.906;4.013,1.237;3.661,2.908;9.674,0.686;3.134,9.651;5.285,6.736;9.83,1.142;1.432,4.919;3.052,6.444;
